  -3.036511140000000E-01   3.413597816000000E-01  -2.421169144900000E-01   2.406364482200000E-01  -1.379999965400000E-01
  -3.210915736600000E-01   3.654302954100000E-01  -2.604051370800000E-01   2.563756333700000E-01  -1.639258926000000E-01
  -3.232622858500000E-01   3.684666812000000E-01  -2.626962347000000E-01   2.583764374600000E-01  -1.671654029700000E-01
  -3.254307531500000E-01   3.715090605400000E-01  -2.649883312600000E-01   2.603846507700000E-01  -1.704046243000000E-01
  -3.275969233800000E-01   3.745573912400000E-01  -2.672813868400000E-01   2.624002659700000E-01  -1.736435482200000E-01
  -3.297607442100000E-01   3.776116309000000E-01  -2.695753613400000E-01   2.644232749800000E-01  -1.768821657000000E-01
  -3.319221629900000E-01   3.806717367500000E-01  -2.718702144300000E-01   2.664536689000000E-01  -1.801204670200000E-01
  -3.340811269400000E-01   3.837376657600000E-01  -2.741659056700000E-01   2.684914380200000E-01  -1.833584419100000E-01
  -3.362375830200000E-01   3.868093745200000E-01  -2.764623944000000E-01   2.705365718300000E-01  -1.865960794400000E-01
  -3.383914780100000E-01   3.898868193400000E-01  -2.787596398600000E-01   2.725890589800000E-01  -1.898333681000000E-01
  -3.405427584400000E-01   3.929699560700000E-01  -2.810576010500000E-01   2.746488872400000E-01  -1.930702957400000E-01
  -3.426913707300000E-01   3.960587403100000E-01  -2.833562369000000E-01   2.767160436000000E-01  -1.963068497200000E-01
  -3.448372610300000E-01   3.991531272000000E-01  -2.856555061400000E-01   2.787905141200000E-01  -1.995430167800000E-01
  -3.469803753300000E-01   4.022530714900000E-01  -2.879553674000000E-01   2.808722839800000E-01  -2.027787831300000E-01
  -3.491206594600000E-01   4.053585275600000E-01  -2.902557791700000E-01   2.829613375000000E-01  -2.060141344700000E-01
  -3.512580590800000E-01   4.084694493600000E-01  -2.925566998100000E-01   2.850576581300000E-01  -2.092490559600000E-01
  -3.533925196500000E-01   4.115857904100000E-01  -2.948580875900000E-01   2.871612283200000E-01  -2.124835322900000E-01
  -3.555239865400000E-01   4.147075038300000E-01  -2.971599006800000E-01   2.892720296900000E-01  -2.157175476500000E-01
  -3.576524049000000E-01   4.178345422700000E-01  -2.994620971300000E-01   2.913900428800000E-01  -2.189510857800000E-01
  -3.597777198200000E-01   4.209668579700000E-01  -3.017646349600000E-01   2.935152476500000E-01  -2.221841299800000E-01
  -3.618998762100000E-01   4.241044026900000E-01  -3.040674720400000E-01   2.956476227400000E-01  -2.254166630800000E-01
  -3.640188188600000E-01   4.272471277700000E-01  -3.063705662800000E-01   2.977871459600000E-01  -2.286486675500000E-01
  -3.661344924900000E-01   4.303949840700000E-01  -3.086738754600000E-01   2.999337942200000E-01  -2.318801254400000E-01
  -3.682468416800000E-01   4.335479219900000E-01  -3.109773573800000E-01   3.020875433700000E-01  -2.351110184300000E-01
  -3.703558109300000E-01   4.367058914800000E-01  -3.132809697700000E-01   3.042483683400000E-01  -2.383413278100000E-01
  -3.724613446800000E-01   4.398688420300000E-01  -3.155846703900000E-01   3.064162430400000E-01  -2.415710346200000E-01
  -3.745633872800000E-01   4.430367226300000E-01  -3.178884169800000E-01   3.085911404300000E-01  -2.448001194900000E-01
  -3.766618830300000E-01   4.462094818400000E-01  -3.201921673100000E-01   3.107730324200000E-01  -2.480285628000000E-01
  -3.787567761800000E-01   4.493870677300000E-01  -3.224958791700000E-01   3.129618899600000E-01  -2.512563446600000E-01
  -3.808480109500000E-01   4.525694279100000E-01  -3.247995103900000E-01   3.151576829600000E-01  -2.544834448900000E-01
  -3.829355315300000E-01   4.557565095100000E-01  -3.271030188700000E-01   3.173603803300000E-01  -2.577098430900000E-01
  -3.850192820900000E-01   4.589482592200000E-01  -3.294063626100000E-01   3.195699499500000E-01  -2.609355186500000E-01
  -3.870992068300000E-01   4.621446232500000E-01  -3.317094996500000E-01   3.217863586900000E-01  -2.641604507800000E-01
  -3.891752499200000E-01   4.653455473600000E-01  -3.340123881700000E-01   3.240095723800000E-01  -2.673846184900000E-01
  -3.912473555700000E-01   4.685509768400000E-01  -3.363149865000000E-01   3.262395557800000E-01  -2.706080006700000E-01
  -3.933154680600000E-01   4.717608565500000E-01  -3.386172530400000E-01   3.284762726900000E-01  -2.738305760600000E-01
  -3.953795316600000E-01   4.749751308800000E-01  -3.409191464000000E-01   3.307196858000000E-01  -2.770523233100000E-01
  -3.974394907500000E-01   4.781937438100000E-01  -3.432206253800000E-01   3.329697567800000E-01  -2.802732210100000E-01
  -3.994952897600000E-01   4.814166388500000E-01  -3.455216489500000E-01   3.352264462500000E-01  -2.834932476700000E-01
  -4.015468732100000E-01   4.846437591000000E-01  -3.478221762800000E-01   3.374897137900000E-01  -2.867123817700000E-01
  -4.035941857300000E-01   4.878750472300000E-01  -3.501221668100000E-01   3.397595179300000E-01  -2.899306018000000E-01
  -4.056371720800000E-01   4.911104455200000E-01  -3.524215801900000E-01   3.420358161300000E-01  -2.931478862500000E-01
  -4.076757771000000E-01   4.943498958200000E-01  -3.547203763900000E-01   3.443185648000000E-01  -2.963642136700000E-01
  -4.097099458100000E-01   4.975933395800000E-01  -3.570185156500000E-01   3.466077193100000E-01  -2.995795626800000E-01
  -4.117396233700000E-01   5.008407178900000E-01  -3.593159585000000E-01   3.489032339500000E-01  -3.027939119800000E-01
  -4.137647551100000E-01   5.040919714300000E-01  -3.616126658500000E-01   3.512050619800000E-01  -3.060072404000000E-01
  -4.157852865500000E-01   5.073470405300000E-01  -3.639085989300000E-01   3.535131555600000E-01  -3.092195269100000E-01
  -4.178011633900000E-01   5.106058651600000E-01  -3.662037193600000E-01   3.558274658600000E-01  -3.124307506600000E-01
  -4.198123315400000E-01   5.138683849400000E-01  -3.684979891500000E-01   3.581479429400000E-01  -3.156408910000000E-01
  -4.218187371400000E-01   5.171345391600000E-01  -3.707913707500000E-01   3.604745358100000E-01  -3.188499274900000E-01
  -4.238203265500000E-01   5.204042667800000E-01  -3.730838270300000E-01   3.628071924500000E-01  -3.220578399700000E-01
  -4.258170463900000E-01   5.236775064600000E-01  -3.753753213400000E-01   3.651458597600000E-01  -3.252646085300000E-01
  -4.278088435500000E-01   5.269541965500000E-01  -3.776658175100000E-01   3.674904836200000E-01  -3.284702135900000E-01
  -4.297956651600000E-01   5.302342751200000E-01  -3.799552798800000E-01   3.698410088100000E-01  -3.316746359000000E-01
  -4.317774586600000E-01   5.335176799700000E-01  -3.822436733700000E-01   3.721973790900000E-01  -3.348778565700000E-01
  -4.318318519800000E-01   5.336079627900000E-01  -3.823065489100000E-01   3.722622202300000E-01  -3.349658722200000E-01
  -4.338084247500000E-01   5.368947202700000E-01  -3.845938081100000E-01   3.746245365900000E-01  -3.381678389600000E-01
  -4.357798637500000E-01   5.401846771200000E-01  -3.868799289500000E-01   3.769925807900000E-01  -3.413685670000000E-01
  -4.377461173800000E-01   5.434777704100000E-01  -3.891648780800000E-01   3.793662934400000E-01  -3.445680387000000E-01
  -4.397071343200000E-01   5.467739369700000E-01  -3.914486227900000E-01   3.817456140700000E-01  -3.477662369400000E-01
  -4.416628636600000E-01   5.500731134500000E-01  -3.937311310200000E-01   3.841304812200000E-01  -3.509631450600000E-01
  -4.436132547900000E-01   5.533752362800000E-01  -3.960123714000000E-01   3.865208323300000E-01  -3.541587469700000E-01
  -4.455582575000000E-01   5.566802417500000E-01  -3.982923132900000E-01   3.889166038300000E-01  -3.573530271200000E-01
  -4.474978219500000E-01   5.599880659800000E-01  -4.005709267400000E-01   3.913177311200000E-01  -3.605459705600000E-01
  -4.494318987000000E-01   5.632986449400000E-01  -4.028481826000000E-01   3.937241485700000E-01  -3.637375629400000E-01
  -4.513604387100000E-01   5.666119144900000E-01  -4.051240524900000E-01   3.961357895200000E-01  -3.669277905800000E-01
  -4.532833933300000E-01   5.699278103700000E-01  -4.073985088800000E-01   3.985525862300000E-01  -3.701166404900000E-01
  -4.552007143600000E-01   5.732462682100000E-01  -4.096715250300000E-01   4.009744700100000E-01  -3.733041003400000E-01
  -4.571123540000000E-01   5.765672235800000E-01  -4.119430751000000E-01   4.034013710700000E-01  -3.764901585600000E-01
  -4.590182649100000E-01   5.798906119600000E-01  -4.142131341300000E-01   4.058332186500000E-01  -3.796748043400000E-01
  -4.609184002000000E-01   5.832163688200001E-01  -4.164816781100000E-01   4.082699409200000E-01  -3.828580276900000E-01
  -4.628127134000000E-01   5.865444295500000E-01  -4.187486839600000E-01   4.107114650400000E-01  -3.860398193900000E-01
  -4.647011585500000E-01   5.898747295500000E-01  -4.210141295900000E-01   4.131577171600000E-01  -3.892201711100000E-01
  -4.665836901000000E-01   5.932072041900000E-01  -4.232779939200000E-01   4.156086223500000E-01  -3.923990753800000E-01
  -4.684602630200000E-01   5.965417888600000E-01  -4.255402569000000E-01   4.180641046800000E-01  -3.955765256300000E-01
  -4.703308327500000E-01   5.998784190000001E-01  -4.278008995600000E-01   4.205240872000000E-01  -3.987525162600000E-01
  -4.721953552100000E-01   6.032170300500001E-01  -4.300599040300000E-01   4.229884919200000E-01  -4.019270426100000E-01
  -4.740537868200000E-01   6.065575575400000E-01  -4.323172535500000E-01   4.254572397900000E-01  -4.051001010300000E-01
  -4.759060844600000E-01   6.098999370200000E-01  -4.345729325300000E-01   4.279302507300000E-01  -4.082716888600000E-01
  -4.777522055400000E-01   6.132441041600000E-01  -4.368269265800000E-01   4.304074435900000E-01  -4.114418045400000E-01
  -4.795921079800000E-01   6.165899947200000E-01  -4.390792225100000E-01   4.328887362200000E-01  -4.146104475600000E-01
  -4.814257501800000E-01   6.199375445600001E-01  -4.413298083800000E-01   4.353740453700000E-01  -4.177776185400000E-01
  -4.832530910400000E-01   6.232866896500000E-01  -4.435786735700000E-01   4.378632867100000E-01  -4.209433192100000E-01
  -4.850740900000000E-01   6.266373661100000E-01  -4.458258087300000E-01   4.403563748600000E-01  -4.241075525000000E-01
  -4.868887069600000E-01   6.299895102100001E-01  -4.480712059000000E-01   4.428532233300000E-01  -4.272703225300000E-01
  -4.886969023800000E-01   6.333430583700000E-01  -4.503148584900000E-01   4.453537445800000E-01  -4.304316346300000E-01
  -4.904986371700000E-01   6.366979471800000E-01  -4.525567613300000E-01   4.478578499000000E-01  -4.335914954100000E-01
  -4.922938727800000E-01   6.400541133900000E-01  -4.547969107000000E-01   4.503654494700000E-01  -4.367499127300000E-01
  -4.940825711400000E-01   6.434114939400000E-01  -4.570353043800000E-01   4.528764523400000E-01  -4.399068957900000E-01
  -4.958646946900000E-01   6.467700260000000E-01  -4.592719416700000E-01   4.553907664000000E-01  -4.430624551300000E-01
  -4.976402063600000E-01   6.501296469200000E-01  -4.615068234400000E-01   4.579082983800000E-01  -4.462166026500000E-01
  -4.994090695700000E-01   6.534902942800001E-01  -4.637399521800000E-01   4.604289537700000E-01  -4.493693516500000E-01
  -5.011712482100000E-01   6.568519058700000E-01  -4.659713320000000E-01   4.629526368900000E-01  -4.525207168900000E-01
  -5.029267066599999E-01   6.602144197200000E-01  -4.682009687100000E-01   4.654792507800000E-01  -4.556707145400000E-01
  -5.046754097900000E-01   6.635777741100000E-01  -4.704288698500000E-01   4.680086972500000E-01  -4.588193623200000E-01
  -5.064173228600000E-01   6.669419074900000E-01  -4.726550447100000E-01   4.705408767400000E-01  -4.619666793800000E-01
  -5.081524116600000E-01   6.703067586800000E-01  -4.748795044300000E-01   4.730756884600000E-01  -4.651126865500000E-01
  -5.098806423500000E-01   6.736722666200000E-01  -4.771022619700000E-01   4.756130301300000E-01  -4.682574060900000E-01
  -5.116019816000000E-01   6.770383706100001E-01  -4.793233322600000E-01   4.781527982100000E-01  -4.714008620000000E-01
  -5.133163964200000E-01   6.804050101400000E-01  -4.815427321000000E-01   4.806948876100000E-01  -4.745430798400000E-01
  -5.150238542500000E-01   6.837721249500000E-01  -4.837604803700000E-01   4.832391918000000E-01  -4.776840868600000E-01
  -5.167243229500000E-01   6.871396551300000E-01  -4.859765980000000E-01   4.857856027500000E-01  -4.808239120800000E-01
  -5.184177707000000E-01   6.905075408800000E-01  -4.881911080000000E-01   4.883340107700000E-01  -4.839625861400000E-01
  -5.201041660800000E-01   6.938757227700000E-01  -4.904040355800000E-01   4.908843046400000E-01  -4.871001415400000E-01
  -5.217834780000000E-01   6.972441416200000E-01  -4.926154082000000E-01   4.934363714000000E-01  -4.902366125800000E-01
  -5.234556756500000E-01   7.006127383700000E-01  -4.948252555500000E-01   4.959900963100000E-01  -4.933720353200000E-01
  -5.251207285900000E-01   7.039814543700000E-01  -4.970336097600000E-01   4.985453629000000E-01  -4.965064478000000E-01
  -5.267786066000000E-01   7.073502311000000E-01  -4.992405053000000E-01   5.011020527800000E-01  -4.996398898700000E-01
  -5.284292797200000E-01   7.107190102700000E-01  -5.014459792300000E-01   5.036600455300000E-01  -5.027724034100000E-01
  -5.300727182800000E-01   7.140877338800000E-01  -5.036500711100000E-01   5.062192188700000E-01  -5.059040322400000E-01
  -5.317088927200000E-01   7.174563440100000E-01  -5.058528231200000E-01   5.087794481900000E-01  -5.090348221500000E-01
  -5.333377737100000E-01   7.208247830300000E-01  -5.080542802300000E-01   5.113406068100000E-01  -5.121648210500001E-01
  -5.349593320900000E-01   7.241929935400000E-01  -5.102544902400000E-01   5.139025657400000E-01  -5.152940790100000E-01
  -5.365735387400000E-01   7.275609181200000E-01  -5.124535037600000E-01   5.164651934700000E-01  -5.184226480900001E-01
  -5.381803646600000E-01   7.309284996100000E-01  -5.146513744300000E-01   5.190283560100000E-01  -5.215505825800000E-01
  -5.397797809300000E-01   7.342956810100000E-01  -5.168481590200000E-01   5.215919167900001E-01  -5.246779390900001E-01
  -5.413717585900000E-01   7.376624053400001E-01  -5.190439174600000E-01   5.241557364000000E-01  -5.278047764100000E-01
  -5.429562686600000E-01   7.410286157300000E-01  -5.212387130000000E-01   5.267196725000000E-01  -5.309311556700000E-01
  -5.445332821100000E-01   7.443942554200000E-01  -5.234326123400001E-01   5.292835797900000E-01  -5.340571404300000E-01
  -5.461027697400001E-01   7.477592675000000E-01  -5.256256856400000E-01   5.318473096000000E-01  -5.371827965100000E-01
  -5.476647022700000E-01   7.511235952500001E-01  -5.278180068200000E-01   5.344107100600000E-01  -5.403081924100001E-01
  -5.492190501000001E-01   7.544871817800000E-01  -5.300096536000000E-01   5.369736255700000E-01  -5.434333990000000E-01
  -5.507657834400001E-01   7.578499701200000E-01  -5.322007076100001E-01   5.395358968800000E-01  -5.465584898000000E-01
  -5.523048721300000E-01   7.612119031900000E-01  -5.343912546400000E-01   5.420973607400000E-01  -5.496835409400001E-01
  -5.538362856400000E-01   7.645729237500000E-01  -5.365813847500000E-01   5.446578497200000E-01  -5.528086313000000E-01
  -5.553599930400001E-01   7.679329744000000E-01  -5.387711925100001E-01   5.472171920600000E-01  -5.559338425900000E-01
  -5.568759628000000E-01   7.712919973300000E-01  -5.409607770400000E-01   5.497752111900000E-01  -5.590592592200000E-01
  -5.583841628100000E-01   7.746499344100000E-01  -5.431502423200000E-01   5.523317256400000E-01  -5.621849685700000E-01
  -5.598845603700000E-01   7.780067272600000E-01  -5.453396974800000E-01   5.548865487800000E-01  -5.653110611100000E-01
  -5.613771219400000E-01   7.813623168600000E-01  -5.475292568100000E-01   5.574394883200000E-01  -5.684376302400001E-01
  -5.628618132100000E-01   7.847166437900000E-01  -5.497190402500000E-01   5.599903461900000E-01  -5.715647726700001E-01
  -5.643385988800000E-01   7.880696478700000E-01  -5.519091734000000E-01   5.625389179600000E-01  -5.746925881800000E-01
  -5.658074426600001E-01   7.914212682800000E-01  -5.540997880000000E-01   5.650849925700000E-01  -5.778211800200001E-01
  -5.672683070700000E-01   7.947714433600001E-01  -5.562910221300000E-01   5.676283519000001E-01  -5.809506548000000E-01
  -5.687211534400000E-01   7.981201106200000E-01  -5.584830206000000E-01   5.701687703500000E-01  -5.840811227800000E-01
  -5.701659416500000E-01   8.014672064100000E-01  -5.606759351600000E-01   5.727060141800000E-01  -5.872126977500000E-01
  -5.716026301000000E-01   8.048126660000000E-01  -5.628699250400000E-01   5.752398411500000E-01  -5.903454973400000E-01
  -5.730311755200001E-01   8.081564234000001E-01  -5.650651572400000E-01   5.777699998700000E-01  -5.934796431000000E-01
  -5.744515327700001E-01   8.114984110100000E-01  -5.672618069300000E-01   5.802962290800000E-01  -5.966152604900000E-01
  -5.758636547600000E-01   8.148385597600000E-01  -5.694600580100000E-01   5.828182571100000E-01  -5.997524792100000E-01
  -5.772674922400000E-01   8.181767987900001E-01  -5.716601036000000E-01   5.853358010900001E-01  -6.028914333200000E-01
  -5.786629935600000E-01   8.215130552100000E-01  -5.738621465100000E-01   5.878485661100000E-01  -6.060322613100000E-01
  -5.800501044200001E-01   8.248472538000000E-01  -5.760663998300000E-01   5.903562442300000E-01  -6.091751061900000E-01
  -5.814287678100000E-01   8.281793171800000E-01  -5.782730877100000E-01   5.928585138400000E-01  -6.123201160600000E-01
  -5.827989234700000E-01   8.315091648300000E-01  -5.804824457500000E-01   5.953550380900000E-01  -6.154674436700000E-01
  -5.841605079000000E-01   8.348367136000000E-01  -5.826947221300000E-01   5.978454642900000E-01  -6.186172472800000E-01
  -5.855134538500000E-01   8.381618767500000E-01  -5.849101781200000E-01   6.003294222000000E-01  -6.217696904100000E-01
  -5.868576900200000E-01   8.414845638400000E-01  -5.871290890700001E-01   6.028065228100000E-01  -6.249249422200000E-01
  -5.881931407300000E-01   8.448046803300000E-01  -5.893517454100000E-01   6.052763567900000E-01  -6.280831778000000E-01
  -5.895197254800000E-01   8.481221270700000E-01  -5.915784536800000E-01   6.077384927500000E-01  -6.312445783400000E-01
  -5.908373585200000E-01   8.514367999100000E-01  -5.938095377500000E-01   6.101924754700000E-01  -6.344093315800000E-01
  -5.921459482200000E-01   8.547485888000000E-01  -5.960453399100000E-01   6.126378235400000E-01  -6.375776317600000E-01
  -5.934453966900000E-01   8.580573775600000E-01  -5.982862225000000E-01   6.150740273800001E-01  -6.407496803100000E-01
  -5.947355990300000E-01   8.613630428600000E-01  -6.005325692800000E-01   6.175005464200000E-01  -6.439256859400000E-01
  -5.960164426300000E-01   8.646654534600000E-01  -6.027847871900000E-01   6.199168063000000E-01  -6.471058650400000E-01
  -5.972878064500000E-01   8.679644693400000E-01  -6.050433082100000E-01   6.223221956800000E-01  -6.502904421100000E-01
  -5.985495600800000E-01   8.712599406200000E-01  -6.073085914500001E-01   6.247160626100000E-01  -6.534796501300000E-01
  -5.998015627800000E-01   8.745517062400000E-01  -6.095811253700000E-01   6.270977104700000E-01  -6.566737308900000E-01
  -6.010436623100000E-01   8.778395926200000E-01  -6.118614303700000E-01   6.294663933800000E-01  -6.598729354600000E-01
  -6.022756937100000E-01   8.811234121100000E-01  -6.141500616300000E-01   6.318213111000000E-01  -6.630775247000000E-01
  -6.034974779100000E-01   8.844029612100000E-01  -6.164476123500000E-01   6.341616032500000E-01  -6.662877697500000E-01
  -6.047088199200000E-01   8.876780181700000E-01  -6.187547170400000E-01   6.364863424200000E-01  -6.695039522900000E-01
  -6.059095071000000E-01   8.909483408000000E-01  -6.210720557400000E-01   6.387945268700001E-01  -6.727263652900000E-01
  -6.070993068900000E-01   8.942136632600000E-01  -6.234003581800000E-01   6.410850715700001E-01  -6.759553131200000E-01
  -6.082779644400000E-01   8.974736931600000E-01  -6.257404091600000E-01   6.433567985600001E-01  -6.791911125100000E-01
  -6.094451995900000E-01   9.007281070600000E-01  -6.280930537600000E-01   6.456084251800000E-01  -6.824340924400000E-01
  -6.106007035900000E-01   9.039765460900000E-01  -6.304592040000000E-01   6.478385508600000E-01  -6.856845947900000E-01
  -6.117441351600000E-01   9.072186102500000E-01  -6.328398459000000E-01   6.500456416500000E-01  -6.889429744100000E-01
  -6.128751159100000E-01   9.104538518200001E-01  -6.352360477900000E-01   6.522280121800000E-01  -6.922095993100000E-01
  -6.139932248400000E-01   9.136817672000001E-01  -6.376489694900001E-01   6.543838043700000E-01  -6.954848502400000E-01
  -6.150979920500000E-01   9.169017876000000E-01  -6.400798732100000E-01   6.565109626100000E-01  -6.987691205600000E-01
  -6.161888909900000E-01   9.201132671200000E-01  -6.425301354800000E-01   6.586072041300000E-01  -7.020628148700000E-01
  -6.172653292200000E-01   9.233154683400000E-01  -6.450012611700000E-01   6.606699835600000E-01  -7.053663473500000E-01
  -6.183266375100001E-01   9.265075452200000E-01  -6.474948996300000E-01   6.626964511000000E-01  -7.086801393400000E-01
  -6.193720562800000E-01   9.296885209700000E-01  -6.500128628700000E-01   6.646834014200000E-01  -7.120046149700000E-01
  -6.204007192100000E-01   9.328572610700000E-01  -6.525571466300000E-01   6.666272120900000E-01  -7.153401952300000E-01
  -6.214116331300000E-01   9.360124393900000E-01  -6.551299547600000E-01   6.685237685100000E-01  -7.186872893800000E-01
  -6.224036529800000E-01   9.391524948800000E-01  -6.577337264400001E-01   6.703683716700000E-01  -7.220462820700000E-01
  -6.233754505500000E-01   9.422755763600000E-01  -6.603711676800000E-01   6.721556238800001E-01  -7.254175151200000E-01
  -6.243254752700000E-01   9.453794714300000E-01  -6.630452862200000E-01   6.738792869800000E-01  -7.288012611700000E-01
  -6.252519043700000E-01   9.484615136400000E-01  -6.657594301400001E-01   6.755321043600000E-01  -7.321976855400000E-01
  -6.261525792200000E-01   9.515184606200000E-01  -6.685173289400000E-01   6.771055765500000E-01  -7.356067912500000E-01
  -6.270249232600000E-01   9.545463318100000E-01  -6.713231343100000E-01   6.785896764000000E-01  -7.390283381800000E-01
  -6.278658356100000E-01   9.575401911500000E-01  -6.741814563500000E-01   6.799724859000000E-01  -7.424617252500000E-01
  -6.286715522800001E-01   9.604938525500000E-01  -6.770973844900000E-01   6.812397321800000E-01  -7.459058154400000E-01
  -6.294374646200001E-01   9.633994782200001E-01  -6.800764758400000E-01   6.823741947400001E-01  -7.493586757500000E-01
  -6.301578821400000E-01   9.662470275800000E-01  -6.831246773400000E-01   6.833549542600000E-01  -7.528171868100000E-01
  -6.308257261100000E-01   9.690235020700000E-01  -6.862481235200000E-01   6.841564591000000E-01  -7.562764563200000E-01
  -6.314321428600001E-01   9.717119181600000E-01  -6.894527064700000E-01   6.847474114200000E-01  -7.597289368300000E-01
  -6.319660425500000E-01   9.742899480200000E-01  -6.927432468200000E-01   6.850895538500000E-01  -7.631631165000000E-01
  -6.324136142000000E-01   9.767282243500000E-01  -6.961219974100000E-01   6.851366206600000E-01  -7.665616334299999E-01
  -6.327579734100000E-01   9.789884991200000E-01  -6.995861231000000E-01   6.848340950600000E-01  -7.698987373000000E-01
  -6.329793019600000E-01   9.810223143300000E-01  -7.031238606000000E-01   6.841210549800000E-01  -7.731373497300000E-01
  -6.330561378400000E-01   9.827466554800000E-01  -7.066529379600000E-01   6.829587206700000E-01  -7.761795977000000E-01
  -6.329711718500000E-01   9.841551609900000E-01  -7.102434915000000E-01   6.812602760299999E-01  -7.790604938800000E-01
  -6.327083832100000E-01   9.851621213400000E-01  -7.137784438600000E-01   6.790174801800000E-01  -7.816614175600000E-01
  -6.322657397800000E-01   9.857335464100000E-01  -7.171882577800000E-01   6.762481995800000E-01  -7.839226761400000E-01
  -6.316545554500000E-01   9.858678896700001E-01  -7.204105243200000E-01   6.730112720700000E-01  -7.858088994500000E-01
  -6.308962352200001E-01   9.855948928000000E-01  -7.234037941500000E-01   6.693909495400000E-01  -7.873159060300000E-01
  -6.300162250100000E-01   9.849640560200000E-01  -7.261516213100000E-01   6.654757805700000E-01  -7.884656629100000E-01
  -6.290388296100000E-01   9.840310884700000E-01  -7.286575887400000E-01   6.613435578100000E-01  -7.892950183200000E-01
  -6.279845676400000E-01   9.828485641700000E-01  -7.309372156400000E-01   6.570556193200000E-01  -7.898453704700000E-01
  -6.268696118200000E-01   9.814617233000000E-01  -7.330111699500000E-01   6.526574438600000E-01  -7.901562962800000E-01
  -6.257062727400000E-01   9.799076775900000E-01  -7.349010257700001E-01   6.481817175200000E-01  -7.902627245700000E-01
  -6.245037879400001E-01   9.782161993300000E-01  -7.366271046000000E-01   6.436516460000000E-01  -7.901942526700000E-01
  -6.232690732500000E-01   9.764109933000000E-01  -7.382076057200000E-01   6.390836867700001E-01  -7.899754755300000E-01
  -6.220073294300000E-01   9.745109492800000E-01  -7.396584159500000E-01   6.344895728000000E-01  -7.896266750600000E-01
  -6.207224988800000E-01   9.725312034800000E-01  -7.409932339400001E-01   6.298777413100000E-01  -7.891645610600000E-01
  -6.194175989400000E-01   9.704839809100000E-01  -7.422238138400000E-01   6.252543221500000E-01  -7.886029388700000E-01
  -6.180949624400000E-01   9.683792454100000E-01  -7.433602353100000E-01   6.206238180300000E-01  -7.879532696100000E-01
  -6.167564111000000E-01   9.662251952000001E-01  -7.444111584400001E-01   6.159895738000000E-01  -7.872251241500000E-01
  -6.154033810600000E-01   9.640286394800000E-01  -7.453840482200000E-01   6.113541022900000E-01  -7.864265449900000E-01
  -6.140370145400000E-01   9.617952854800000E-01  -7.462853654600000E-01   6.067193127500000E-01  -7.855643329400001E-01
  -6.126582273000000E-01   9.595299587300000E-01  -7.471207268400000E-01   6.020866725200000E-01  -7.846442744800000E-01
  -6.112677588800000E-01   9.572367729100000E-01  -7.478950374600000E-01   5.974573226200000E-01  -7.836713219800000E-01
  -6.098662103000000E-01   9.549192619400000E-01  -7.486126002700000E-01   5.928321613600001E-01  -7.826497374300000E-01
  -6.084540727300000E-01   9.525804836700000E-01  -7.492772066500000E-01   5.882119052400000E-01  -7.815832076500000E-01
  -6.070317494800001E-01   9.502231021400001E-01  -7.498922117300000E-01   5.835971338400000E-01  -7.804749376400000E-01
  -6.055995730100000E-01   9.478494527200000E-01  -7.504605963300000E-01   5.789883231700000E-01  -7.793277256900000E-01
  -6.041578181600000E-01   9.454615947200000E-01  -7.509850189000000E-01   5.743858707200000E-01  -7.781440250000000E-01
  -6.027067127400000E-01   9.430613541100000E-01  -7.514678592100000E-01   5.697901141400000E-01  -7.769259946500000E-01
  -6.012464457200000E-01   9.406503580400000E-01  -7.519112546400000E-01   5.652013457400000E-01  -7.756755411700000E-01
  -5.997771740100000E-01   9.382300633800000E-01  -7.523171309400000E-01   5.606198233400001E-01  -7.743943533500000E-01
  -5.982990277600000E-01   9.358017805200000E-01  -7.526872288800000E-01   5.560457786100000E-01  -7.730839318100000E-01
  -5.968121147700000E-01   9.333666925200000E-01  -7.530231257000000E-01   5.514794237900000E-01  -7.717456127600000E-01
  -5.953165240700000E-01   9.309258720000000E-01  -7.533262550400000E-01   5.469209564800001E-01  -7.703805894400000E-01
  -5.938123288300000E-01   9.284802945600000E-01  -7.535979226200000E-01   5.423705637500000E-01  -7.689899291700000E-01
  -5.922995888600000E-01   9.260308507500000E-01  -7.538393209000001E-01   5.378284250700000E-01  -7.675745887900000E-01
  -5.907783526000000E-01   9.235783557300000E-01  -7.540515408700000E-01   5.332947148500000E-01  -7.661354271400001E-01
  -5.892486588500000E-01   9.211235579800000E-01  -7.542355830600001E-01   5.287696041800000E-01  -7.646732165100000E-01
  -5.877105382100000E-01   9.186671463500000E-01  -7.543923665000000E-01   5.242532624300000E-01  -7.631886519000000E-01
  -5.861640142900000E-01   9.162097565600000E-01  -7.545227371200000E-01   5.197458582700000E-01  -7.616823596500000E-01
  -5.846091047800001E-01   9.137519763300001E-01  -7.546274745800000E-01   5.152475607500000E-01  -7.601549043700000E-01
  -5.830458223400000E-01   9.112943504600000E-01  -7.547072990200000E-01   5.107585398000000E-01  -7.586067956700000E-01
  -5.814741753300000E-01   9.088373845900000E-01  -7.547628761600000E-01   5.062789669700000E-01  -7.570384933900000E-01
  -5.798941685600000E-01   9.063815488700000E-01  -7.547948223500000E-01   5.018090157600000E-01  -7.554504125100000E-01
  -5.783058038000000E-01   9.039272814100000E-01  -7.548037093700000E-01   4.973488618800000E-01  -7.538429279200000E-01
  -5.767090803300000E-01   9.014749903700000E-01  -7.547900673900000E-01   4.928986837400000E-01  -7.522163773600000E-01
  -5.751039954100000E-01   8.990250575000000E-01  -7.547543901000000E-01   4.884586621600000E-01  -7.505710662400000E-01
  -5.734905446200000E-01   8.965778390700000E-01  -7.546971359500000E-01   4.840289810500000E-01  -7.489072691000001E-01
  -5.718687222700000E-01   8.941336687200000E-01  -7.546187324100000E-01   4.796098270700000E-01  -7.472252334700000E-01
  -5.702385217100000E-01   8.916928588600001E-01  -7.545195780200000E-01   4.752013898500000E-01  -7.455251819200000E-01
  -5.685999356100000E-01   8.892557021700001E-01  -7.544000446800000E-01   4.708038619600000E-01  -7.438073142200000E-01
  -5.669529562100000E-01   8.868224726800000E-01  -7.542604792200000E-01   4.664174391500000E-01  -7.420718089000000E-01
  -5.652975755900001E-01   8.843934279500000E-01  -7.541012068400000E-01   4.620423197600000E-01  -7.403188262800000E-01
  -5.636337858600000E-01   8.819688090500000E-01  -7.539225310600000E-01   4.576787053200000E-01  -7.385485086100000E-01
  -5.619615793800000E-01   8.795488423400000E-01  -7.537247364800001E-01   4.533268000800000E-01  -7.367609825300000E-01
  -5.602809489200000E-01   8.771337398900000E-01  -7.535080895600000E-01   4.489868112000000E-01  -7.349563598300000E-01
  -5.585918878700000E-01   8.747237009100000E-01  -7.532728407300000E-01   4.446589483400000E-01  -7.331347393700000E-01
  -5.568943903800000E-01   8.723189117500000E-01  -7.530192246700000E-01   4.403434240200000E-01  -7.312962072900000E-01
  -5.551884515000000E-01   8.699195472100000E-01  -7.527474621700000E-01   4.360404531900000E-01  -7.294408388000000E-01
  -5.534740673400000E-01   8.675257705500000E-01  -7.524577604300000E-01   4.317502534400000E-01  -7.275686983800001E-01
  -5.517512352100000E-01   8.651377348600000E-01  -7.521503151000000E-01   4.274730445000000E-01  -7.256798415900000E-01
  -5.500199537500000E-01   8.627555828800000E-01  -7.518253102200000E-01   4.232090484700000E-01  -7.237743150600000E-01
  -5.482802230100000E-01   8.603794475900000E-01  -7.514829190800000E-01   4.189584897900000E-01  -7.218521572800000E-01
  -5.465320446500001E-01   8.580094531300000E-01  -7.511233058500000E-01   4.147215946500000E-01  -7.199133999700000E-01
  -5.447754219500000E-01   8.556457147900000E-01  -7.507466255500001E-01   4.104985913200000E-01  -7.179580680900000E-01
  -5.430103600200000E-01   8.532883392600000E-01  -7.503530245500000E-01   4.062897100000000E-01  -7.159861803100001E-01
  -5.412368658100000E-01   8.509374254300000E-01  -7.499426419900001E-01   4.020951824300000E-01  -7.139977501600000E-01
  -5.394549483000000E-01   8.485930642800000E-01  -7.495156094900000E-01   3.979152420900000E-01  -7.119927858900000E-01
  -5.376646185300000E-01   8.462553397300000E-01  -7.490720526900000E-01   3.937501236900000E-01  -7.099712916900000E-01
  -5.358658897000000E-01   8.439243282500000E-01  -7.486120907200000E-01   3.896000634700000E-01  -7.079332673400000E-01
  -5.340587773100000E-01   8.416000997000001E-01  -7.481358374700000E-01   3.854652987200000E-01  -7.058787091800000E-01
  -5.322432991900000E-01   8.392827171200000E-01  -7.476434014300000E-01   3.813460679700000E-01  -7.038076100900000E-01
  -5.304194756100000E-01   8.369722376600000E-01  -7.471348871600000E-01   3.772426102600000E-01  -7.017199606200000E-01
  -5.285873293700000E-01   8.346687118100000E-01  -7.466103941400000E-01   3.731551658900000E-01  -6.996157481100001E-01
  -5.267468858400000E-01   8.323721846300000E-01  -7.460700187600000E-01   3.690839753300000E-01  -6.974949582900000E-01
  -5.248981731000000E-01   8.300826953200000E-01  -7.455138536700000E-01   3.650292797000000E-01  -6.953575747900000E-01
  -5.230412219600000E-01   8.278002775500000E-01  -7.449419883900000E-01   3.609913204600000E-01  -6.932035795800000E-01
  -5.211760660300000E-01   8.255249599200000E-01  -7.443545099600000E-01   3.569703390400000E-01  -6.910329535500001E-01
  -5.193027418300000E-01   8.232567656200001E-01  -7.437515026100000E-01   3.529665770500000E-01  -6.888456762200000E-01
  -5.174212888100001E-01   8.209957132400000E-01  -7.431330488700000E-01   3.489802757300000E-01  -6.866417266200000E-01
  -5.155317494300000E-01   8.187418165200000E-01  -7.424992293200000E-01   3.450116760000000E-01  -6.844210831100001E-01
  -5.136341692400001E-01   8.164950845200000E-01  -7.418501228700000E-01   3.410610183500000E-01  -6.821837235700000E-01
  -5.117285968600001E-01   8.142555221300000E-01  -7.411858075000000E-01   3.371285423700000E-01  -6.799296259800000E-01
  -5.098150841400000E-01   8.120231298100000E-01  -7.405063599100000E-01   3.332144869200000E-01  -6.776587681600000E-01
  -5.078936861200000E-01   8.097979040200000E-01  -7.398118561300000E-01   3.293190897600000E-01  -6.753711282100000E-01
  -5.059644611000000E-01   8.075798374700000E-01  -7.391023720100000E-01   3.254425872300000E-01  -6.730666848800000E-01
  -5.040274707300000E-01   8.053689186800001E-01  -7.383779824300000E-01   3.215852145900000E-01  -6.707454169700000E-01
  -5.020827799500000E-01   8.031651330800000E-01  -7.376387629900000E-01   3.177472050800000E-01  -6.684073046000000E-01
  -5.001304571400000E-01   8.009684622100000E-01  -7.368847888000000E-01   3.139287904800000E-01  -6.660523282400001E-01
  -4.981705740300000E-01   7.987788846400000E-01  -7.361161358100000E-01   3.101302003000000E-01  -6.636804697300001E-01
  -4.962032058400000E-01   7.965963755700000E-01  -7.353328802300000E-01   3.063516620300000E-01  -6.612917118100000E-01
  -4.942284312200000E-01   7.944209073700000E-01  -7.345350991700000E-01   3.025934007100000E-01  -6.588860385800001E-01
  -4.922463323300000E-01   7.922524493100001E-01  -7.337228703700000E-01   2.988556389300000E-01  -6.564634352700000E-01
  -4.902569947700000E-01   7.900909683200000E-01  -7.328962731700000E-01   2.951385962700000E-01  -6.540238888800000E-01
  -4.882605077200000E-01   7.879364283400000E-01  -7.320553874300000E-01   2.914424897600000E-01  -6.515673874700000E-01
  -4.862569638000000E-01   7.857887913700000E-01  -7.312002951800000E-01   2.877675328600000E-01  -6.490939211900000E-01
  -4.842464592100000E-01   7.836480167000000E-01  -7.303310792900000E-01   2.841139361300000E-01  -6.466034813600000E-01
  -4.822290936300000E-01   7.815140618500001E-01  -7.294478247900000E-01   2.804819063200000E-01  -6.440960614000000E-01
  -4.802049702500000E-01   7.793868822600000E-01  -7.285506183800000E-01   2.768716466200000E-01  -6.415716563300000E-01
  -4.781741957900000E-01   7.772664314800000E-01  -7.276395485500000E-01   2.732833564100000E-01  -6.390302629200000E-01
  -4.761368804400000E-01   7.751526614200001E-01  -7.267147059100000E-01   2.697172310200000E-01  -6.364718798000000E-01
  -4.740931378600000E-01   7.730455225300000E-01  -7.257761833300001E-01   2.661734615100000E-01  -6.338965075500000E-01
  -4.720430851900000E-01   7.709449638700000E-01  -7.248240758800000E-01   2.626522346100000E-01  -6.313041485500001E-01
  -4.699868429500000E-01   7.688509332800000E-01  -7.238584810100001E-01   2.591537325000000E-01  -6.286948071100000E-01
  -4.679245351000000E-01   7.667633774800000E-01  -7.228794986200000E-01   2.556781326800000E-01  -6.260684894000000E-01
  -4.658562889600000E-01   7.646822423700000E-01  -7.218872312100000E-01   2.522256077500000E-01  -6.234252034900000E-01
  -4.637822352000000E-01   7.626074728400000E-01  -7.208817836900000E-01   2.487963254800000E-01  -6.207649591600000E-01
  -4.617025077900000E-01   7.605390133200000E-01  -7.198632638300000E-01   2.453904484000000E-01  -6.180877681600000E-01
  -4.596172439100000E-01   7.584768078800001E-01  -7.188317823700000E-01   2.420081336200000E-01  -6.153936441500000E-01
  -4.575265840100000E-01   7.564207998800000E-01  -7.177874523900000E-01   2.386495332000000E-01  -6.126826022200000E-01
  -4.554306717100000E-01   7.543709327500000E-01  -7.167303901400000E-01   2.353147934700000E-01  -6.099546593700000E-01
  -4.533296536900000E-01   7.523271499400001E-01  -7.156607149800000E-01   2.320040550800000E-01  -6.072098343700000E-01
  -4.512236797900000E-01   7.502893947100000E-01  -7.145785488100001E-01   2.287174532100000E-01  -6.044481472800000E-01
  -4.491129027900000E-01   7.482576107900000E-01  -7.134840168800000E-01   2.254551169800000E-01  -6.016696199100000E-01
  -4.469974784900000E-01   7.462317421800000E-01  -7.123772473200000E-01   2.222171697800000E-01  -5.988742754000000E-01
  -4.448775655300000E-01   7.442117336600000E-01  -7.112583716900000E-01   2.190037287500000E-01  -5.960621384500000E-01
  -4.427533254900000E-01   7.421975302500000E-01  -7.101275241300000E-01   2.158149053900000E-01  -5.932332347100000E-01
  -4.406249227100000E-01   7.401890780400000E-01  -7.089848421700000E-01   2.126508048900000E-01  -5.903875911700000E-01
  -4.384925242400000E-01   7.381863240900000E-01  -7.078304666000000E-01   2.095115262400000E-01  -5.875252359700000E-01
  -4.363562998500000E-01   7.361892164400000E-01  -7.066645411900000E-01   2.063971623600000E-01  -5.846461980800000E-01
  -4.342164218900000E-01   7.341977044400000E-01  -7.054872130100000E-01   2.033077998700000E-01  -5.817505074200000E-01
  -4.320730652800000E-01   7.322117388400000E-01  -7.042986323500000E-01   2.002435191700000E-01  -5.788381946700000E-01
  -4.299264074800000E-01   7.302312717900000E-01  -7.030989525600000E-01   1.972043944800000E-01  -5.759092910600000E-01
  -4.277766284000000E-01   7.282562569700000E-01  -7.018883300800000E-01   1.941904939100000E-01  -5.729638282200000E-01
  -4.256239102700000E-01   7.262866502600001E-01  -7.006669250300001E-01   1.912018789400000E-01  -5.700018384800000E-01
  -4.234684377500000E-01   7.243224089200000E-01  -6.994349001400000E-01   1.882386053200000E-01  -5.670233540400000E-01
  -4.213103977500000E-01   7.223634924900000E-01  -6.981924215700001E-01   1.853007224400000E-01  -5.640284073200000E-01
  -4.191499794200000E-01   7.204098626900000E-01  -6.969396587500000E-01   1.823882735300000E-01  -5.610170307800000E-01
  -4.169873741000000E-01   7.184614834900001E-01  -6.956767842000000E-01   1.795012958100000E-01  -5.579892566400000E-01
  -4.148227753100000E-01   7.165183212200000E-01  -6.944039735200001E-01   1.766398205500000E-01  -5.549451167300000E-01
  -4.126563786300000E-01   7.145803447700000E-01  -6.931214055700000E-01   1.738038730100000E-01  -5.518846424500000E-01
  -4.104883817600000E-01   7.126475257200000E-01  -6.918292623300000E-01   1.709934726900000E-01  -5.488078645900000E-01
  -4.083189844200000E-01   7.107198383900000E-01  -6.905277288900000E-01   1.682086332900000E-01  -5.457148131100000E-01
  -4.061483882900000E-01   7.087972601100000E-01  -6.892169936200000E-01   1.654493627900000E-01  -5.426055171600001E-01
  -4.039767971400000E-01   7.068797710200000E-01  -6.878972477100001E-01   1.627156638600000E-01  -5.394800046000000E-01
  -4.018044166100000E-01   7.049673545600000E-01  -6.865686857200000E-01   1.600075335200000E-01  -5.363383022300000E-01
  -3.996314543100000E-01   7.030599975000000E-01  -6.852315053600000E-01   1.573249635300000E-01  -5.331804354500001E-01
  -3.974581198300000E-01   7.011576897600000E-01  -6.838859071900000E-01   1.546679406300000E-01  -5.300064280100000E-01
  -3.952846246200000E-01   6.992604249400000E-01  -6.825320951100000E-01   1.520364463900000E-01  -5.268163020700000E-01
  -3.931111820600000E-01   6.973682002700000E-01  -6.811702761500000E-01   1.494304574900000E-01  -5.236100779500000E-01
  -3.909380075900000E-01   6.954810164300000E-01  -6.798006601400000E-01   1.468499461600000E-01  -5.203877738400000E-01
  -3.887653184800000E-01   6.935988781500000E-01  -6.784234602500000E-01   1.442948798400000E-01  -5.171494058500000E-01
  -3.865933339100000E-01   6.917217943300000E-01  -6.770388930800000E-01   1.417652214400000E-01  -5.138949879700000E-01
  -3.844222752200000E-01   6.898497774900000E-01  -6.756471777900001E-01   1.392609300500000E-01  -5.106245314800000E-01
  -3.822523656600000E-01   6.879828445500000E-01  -6.742485370100000E-01   1.367819605300000E-01  -5.073380451800000E-01
  -3.800838305300000E-01   6.861210168200000E-01  -6.728431966400000E-01   1.343282637900000E-01  -5.040355352100000E-01
  -3.779168973000000E-01   6.842643197300000E-01  -6.714313854400000E-01   1.318997873700000E-01  -5.007170046700000E-01
  -3.757517954700000E-01   6.824127837500000E-01  -6.700133360000000E-01   1.294964748800000E-01  -4.973824539400000E-01
  -3.735887568300000E-01   6.805664435600000E-01  -6.685892837000000E-01   1.271182670600000E-01  -4.940318800100000E-01
  -3.714280154700000E-01   6.787253386500000E-01  -6.671594672700000E-01   1.247651015200000E-01  -4.906652766600000E-01
  -3.692698077800000E-01   6.768895134500000E-01  -6.657241288700000E-01   1.224369129700000E-01  -4.872826343000000E-01
  -3.671143725200000E-01   6.750590175800000E-01  -6.642835143100000E-01   1.201336332700000E-01  -4.838839398900000E-01
  -3.649619510700000E-01   6.732339054000001E-01  -6.628378723800000E-01   1.178551922000000E-01  -4.804691766300000E-01
  -3.628127873000000E-01   6.714142369300000E-01  -6.613874559200000E-01   1.156015169200000E-01  -4.770383241100000E-01
  -3.606671278700000E-01   6.696000771500000E-01  -6.599325208700000E-01   1.133725329200000E-01  -4.735913579500000E-01
  -3.585252221900000E-01   6.677914968400001E-01  -6.584733272200000E-01   1.111681636100000E-01  -4.701282499100000E-01
  -3.563873225900000E-01   6.659885723200000E-01  -6.570101385700000E-01   1.089883308900000E-01  -4.666489676800000E-01
  -3.542536845000000E-01   6.641913855100000E-01  -6.555432222500000E-01   1.068329553700000E-01  -4.631534748000000E-01
  -3.521245664800000E-01   6.624000243800000E-01  -6.540728496300000E-01   1.047019564000000E-01  -4.596417306100000E-01
  -3.500002303900000E-01   6.606145829200000E-01  -6.525992961700000E-01   1.025952523600000E-01  -4.561136902100000E-01
  -3.478809415800000E-01   6.588351611300000E-01  -6.511228412700000E-01   1.005127610200000E-01  -4.525693042700000E-01
  -3.457669690200000E-01   6.570618652700000E-01  -6.496437685200001E-01   9.845439964500000E-02  -4.490085190500000E-01
  -3.436585853300000E-01   6.552948082700000E-01  -6.481623661900000E-01   9.642008500800001E-02  -4.454312764600000E-01
  -3.415560671800000E-01   6.535341093900000E-01  -6.466789267200001E-01   9.440973402400001E-02  -4.418375138400000E-01
  -3.394596952100000E-01   6.517798947900000E-01  -6.451937473500000E-01   9.242326354400000E-02  -4.382271640400000E-01
  -3.373697544500000E-01   6.500322971800000E-01  -6.437071297100000E-01   9.046059104300000E-02  -4.346001553300000E-01
  -3.352865343100000E-01   6.482914564100000E-01  -6.422193805100001E-01   8.852163439100000E-02  -4.309564114700000E-01
  -3.332103287500000E-01   6.465575196800000E-01  -6.407308116200000E-01   8.660631209600000E-02  -4.272958517700000E-01
  -3.311414366300000E-01   6.448306412100000E-01  -6.392417398100000E-01   8.471454383300001E-02  -4.236183909400000E-01
  -3.290801618100000E-01   6.431109827700000E-01  -6.377524872300000E-01   8.284625037500000E-02  -4.199239393200000E-01
  -3.270268132500000E-01   6.413987137900000E-01  -6.362633815800000E-01   8.100135378100000E-02  -4.162124028300000E-01
  -3.249817054400000E-01   6.396940111700000E-01  -6.347747558800000E-01   7.917977787600000E-02  -4.124836830200000E-01
  -3.229451583400000E-01   6.379970599600000E-01  -6.332869491900000E-01   7.738144804500000E-02  -4.087376772900000E-01
  -3.209174976800000E-01   6.363080532600000E-01  -6.318003065200000E-01   7.560629157000000E-02  -4.049742789400000E-01
  -3.188990552500000E-01   6.346271921100000E-01  -6.303151787000000E-01   7.385423801300001E-02  -4.011933772500000E-01
  -3.168901689300000E-01   6.329546860700001E-01  -6.288319230100000E-01   7.212521907600000E-02  -3.973948577500000E-01
  -3.148911830100000E-01   6.312907529400000E-01  -6.273509029100000E-01   7.041916902000001E-02  -3.935786023100000E-01
  -3.129024482000000E-01   6.296356194000000E-01  -6.258724887300000E-01   6.873602448600000E-02  -3.897444894700000E-01
  -3.109243220600000E-01   6.279895204500000E-01  -6.243970570800000E-01   6.707572510900001E-02  -3.858923945600000E-01
  -3.089571688300000E-01   6.263527004600000E-01  -6.229249919900000E-01   6.543821302600000E-02  -3.820221901100000E-01
  -3.070013599700000E-01   6.247254120300000E-01  -6.214566837100000E-01   6.382343380400000E-02  -3.781337460000000E-01
  -3.050572739900000E-01   6.231079171100000E-01  -6.199925299500000E-01   6.223133587600000E-02  -3.742269299400000E-01
  -3.031252966600000E-01   6.215004867800000E-01  -6.185329356600000E-01   6.066187083900000E-02  -3.703016078100000E-01
  -3.012058211800000E-01   6.199034010400000E-01  -6.170783128100000E-01   5.911499370800000E-02  -3.663576440500000E-01
  -2.992992481200000E-01   6.183169494000000E-01  -6.156290811000000E-01   5.759066261200000E-02  -3.623949021700000E-01
  -2.974059857100000E-01   6.167414299100000E-01  -6.141856669200000E-01   5.608883948300000E-02  -3.584132451900000E-01
  -2.955264494800000E-01   6.151771506100000E-01  -6.127485049500000E-01   5.460948915600000E-02  -3.544125362900000E-01
  -2.936610627100000E-01   6.136244277700000E-01  -6.113180363400000E-01   5.315258042300000E-02  -3.503926392900000E-01
  -2.918102558900000E-01   6.120835876700000E-01  -6.098947105800000E-01   5.171808493500000E-02  -3.463534193900000E-01
  -2.899744671000000E-01   6.105549645200000E-01  -6.084789834100000E-01   5.030597827500000E-02  -3.422947437800000E-01
  -2.881541414800000E-01   6.090389019700000E-01  -6.070713184500000E-01   4.891623894700000E-02  -3.382164824500000E-01
  -2.863497312800000E-01   6.075357517400000E-01  -6.056721857700000E-01   4.754884891800000E-02  -3.341185089400000E-01
  -2.845616954400000E-01   6.060458743200000E-01  -6.042820626900000E-01   4.620379301400000E-02  -3.300007012400000E-01
  -2.827904993700000E-01   6.045696379300000E-01  -6.029014327700000E-01   4.488105908700000E-02  -3.258629426200000E-01
  -2.810366145100000E-01   6.031074186100000E-01  -6.015307859200000E-01   4.358063761600000E-02  -3.217051226100000E-01
  -2.793005179500000E-01   6.016595992300000E-01  -6.001706174100000E-01   4.230252174100000E-02  -3.175271380000000E-01
  -2.775826917400000E-01   6.002265696700000E-01  -5.988214281500000E-01   4.104670664100000E-02  -3.133288938800000E-01
  -2.758836223800000E-01   5.988087258900000E-01  -5.974837237500000E-01   3.981318937300000E-02  -3.091103047000000E-01
  -2.742038000200000E-01   5.974064692200000E-01  -5.961580138600000E-01   3.860196855400000E-02  -3.048712954300000E-01
  -2.725437177100000E-01   5.960202056400000E-01  -5.948448114200000E-01   3.741304391400000E-02  -3.006118027000000E-01
  -2.709038704100000E-01   5.946503449000000E-01  -5.935446318700000E-01   3.624641585700000E-02  -2.963317760000000E-01
  -2.692847539400000E-01   5.932973003700000E-01  -5.922579930000000E-01   3.510208463100000E-02  -2.920311788300000E-01
  -2.676868639500000E-01   5.919614863700000E-01  -5.909854122700000E-01   3.398005044800000E-02  -2.877099900200000E-01
  -2.661106945500000E-01   5.906433188900000E-01  -5.897274075600000E-01   3.288031211900000E-02  -2.833682048400000E-01
  -2.645567370000000E-01   5.893432129600000E-01  -5.884844945400000E-01   3.180286697800000E-02  -2.790058363000000E-01
  -2.630254782300000E-01   5.880615821500000E-01  -5.872571862000000E-01   3.074770980700000E-02  -2.746229162700000E-01
  -2.615173992300000E-01   5.867988370200000E-01  -5.860459912600000E-01   2.971483219700000E-02  -2.702194966600000E-01
  -2.601303465600000E-01   5.856369650200000E-01  -5.849298444000000E-01   2.877033087000000E-02  -2.660886713700000E-01

