  -2.058057931100000E-01   4.139412997500000E-01  -4.113004651200000E-01   4.668326289300000E-02  -1.379999965400000E-01
  -1.935339195900000E-01   3.869159659000000E-01  -3.840215441500000E-01   4.723789052900000E-02  -1.118438440800000E-01
  -1.919671734000000E-01   3.835587290100000E-01  -3.806343021400000E-01   4.727395299300000E-02  -1.085291710700000E-01
  -1.903945269700000E-01   3.802072204100000E-01  -3.772531621100000E-01   4.730308794000000E-02  -1.052066212800000E-01
  -1.888163583900000E-01   3.768617294800000E-01  -3.738784127100000E-01   4.732542294200000E-02  -1.018767642500000E-01
  -1.872330321300000E-01   3.735225236100000E-01  -3.705103200300000E-01   4.734108570600000E-02  -9.854014103100001E-02
  -1.856448993000000E-01   3.701898494000000E-01  -3.671491288300000E-01   4.735020380600000E-02  -9.519726525800000E-02
  -1.840522980300000E-01   3.668639336400000E-01  -3.637950635100000E-01   4.735290450300000E-02  -9.184862416200000E-02
  -1.824555538100000E-01   3.635449844600000E-01  -3.604483293700000E-01   4.734931448700000E-02  -8.849467957800000E-02
  -1.808549798400000E-01   3.602331924400000E-01  -3.571091136100000E-01   4.733955964900000E-02  -8.513586891000000E-02
  -1.792508774300000E-01   3.569287315300000E-01  -3.537775864300000E-01   4.732376496800000E-02  -8.177260620800000E-02
  -1.776435363000000E-01   3.536317602400000E-01  -3.504539021400000E-01   4.730205417500000E-02  -7.840528300100000E-02
  -1.760332351000000E-01   3.503424224100000E-01  -3.471381999700000E-01   4.727454982100000E-02  -7.503426946600000E-02
  -1.744202417100000E-01   3.470608481600000E-01  -3.438306050800000E-01   4.724137307900000E-02  -7.165991529700000E-02
  -1.728048136600000E-01   3.437871548900000E-01  -3.405312295600000E-01   4.720264354900000E-02  -6.828255061300000E-02
  -1.711871985300000E-01   3.405214480000000E-01  -3.372401731400000E-01   4.715847929700000E-02  -6.490248693600000E-02
  -1.695676342400000E-01   3.372638218300000E-01  -3.339575241800000E-01   4.710899659700000E-02  -6.152001792800000E-02
  -1.679463496300000E-01   3.340143602800000E-01  -3.306833602900000E-01   4.705431009800000E-02  -5.813542050400000E-02
  -1.663235646100000E-01   3.307731375900000E-01  -3.274177491600000E-01   4.699453255100000E-02  -5.474895535100000E-02
  -1.646994906600000E-01   3.275402190800000E-01  -3.241607492300000E-01   4.692977492100000E-02  -5.136086798700000E-02
  -1.630743311200000E-01   3.243156617800000E-01  -3.209124104400000E-01   4.686014617500000E-02  -4.797138927600000E-02
  -1.614482816000000E-01   3.210995149800000E-01  -3.176727747100000E-01   4.678575347700000E-02  -4.458073639900000E-02
  -1.598215302200000E-01   3.178918208900000E-01  -3.144418766300000E-01   4.670670196700000E-02  -4.118911335300000E-02
  -1.581942580200000E-01   3.146926151500000E-01  -3.112197439900000E-01   4.662309488500000E-02  -3.779671176100000E-02
  -1.565666392200000E-01   3.115019273000000E-01  -3.080063982600000E-01   4.653503350100000E-02  -3.440371141100000E-02
  -1.549388415300000E-01   3.083197814200000E-01  -3.048018552000000E-01   4.644261708600000E-02  -3.101028090800000E-02
  -1.533110264300000E-01   3.051461964600000E-01  -3.016061252500000E-01   4.634594292200000E-02  -2.761657817700000E-02
  -1.516833495400000E-01   3.019811864800000E-01  -2.984192137100000E-01   4.624510653500000E-02  -2.422275124700000E-02
  -1.500559607400000E-01   2.988247615900000E-01  -2.952411217400000E-01   4.614020128700000E-02  -2.082893848500000E-02
  -1.484290045000000E-01   2.956769278100000E-01  -2.920718462000000E-01   4.603131867400000E-02  -1.743526915300000E-02
  -1.468026201600000E-01   2.925376876400000E-01  -2.889113802000000E-01   4.591854835100000E-02  -1.404186409000000E-02
  -1.451769421100000E-01   2.894070403200000E-01  -2.857597133800000E-01   4.580197805600000E-02  -1.064883588700000E-02
  -1.435521000600000E-01   2.862849821300000E-01  -2.826168322200000E-01   4.568169371500000E-02  -7.256289506800000E-03
  -1.419282192100000E-01   2.831715068900000E-01  -2.794827204900000E-01   4.555777932800000E-02  -3.864322542500000E-03
  -1.403054204800000E-01   2.800666059500000E-01  -2.763573593300000E-01   4.543031712300000E-02  -4.730256606100000E-04
  -1.386838207300000E-01   2.769702685800000E-01  -2.732407274900000E-01   4.529938758100000E-02   2.917517006900000E-03
  -1.370635329300000E-01   2.738824821100000E-01  -2.701328016200000E-01   4.516506946500000E-02   6.307227546200000E-03
  -1.354446662800000E-01   2.708032323600000E-01  -2.670335565600000E-01   4.502743970700000E-02   9.696034083599999E-03
  -1.338273265000000E-01   2.677325035500000E-01  -2.639429653600000E-01   4.488657367800000E-02   1.308387024000000E-02
  -1.322116159100000E-01   2.646702788200000E-01  -2.608609996800000E-01   4.474254502400000E-02   1.647067498200000E-02
  -1.305976336000000E-01   2.616165401400000E-01  -2.577876297900000E-01   4.459542578500000E-02   1.985639240200000E-02
  -1.289854755800000E-01   2.585712686300000E-01  -2.547228248100000E-01   4.444528640300000E-02   2.324097137600000E-02
  -1.273752349800000E-01   2.555344446100000E-01  -2.516665527400000E-01   4.429219584600000E-02   2.662436529700000E-02
  -1.257670020400000E-01   2.525060479200000E-01  -2.486187808600000E-01   4.413622142600000E-02   3.000653202400000E-02
  -1.241608644300000E-01   2.494860579200000E-01  -2.455794755900000E-01   4.397742907300000E-02   3.338743343400000E-02
  -1.225569072000000E-01   2.464744536500000E-01  -2.425486027200000E-01   4.381588320800000E-02   3.676703543600000E-02
  -1.209552130000000E-01   2.434712139700000E-01  -2.395261275100000E-01   4.365164684600000E-02   4.014530766600000E-02
  -1.193558621900000E-01   2.404763177200000E-01  -2.365120148100000E-01   4.348478161800000E-02   4.352222329500000E-02
  -1.177589328500000E-01   2.374897437100000E-01  -2.335062290700000E-01   4.331534779000000E-02   4.689775898100000E-02
  -1.161645010300000E-01   2.345114709700000E-01  -2.305087344900000E-01   4.314340434100000E-02   5.027189453700000E-02
  -1.145726407000000E-01   2.315414788300000E-01  -2.275194952100000E-01   4.296900885700000E-02   5.364461301700000E-02
  -1.129834239500000E-01   2.285797469400000E-01  -2.245384751200000E-01   4.279221774900000E-02   5.701590034300000E-02
  -1.113969210200000E-01   2.256262555000000E-01  -2.215656382700000E-01   4.261308611500000E-02   6.038574530700000E-02
  -1.098132003900000E-01   2.226809850100000E-01  -2.186009483900000E-01   4.243166799000000E-02   6.375413944400001E-02
  -1.082323288700000E-01   2.197439169200000E-01  -2.156443696500000E-01   4.224801607300000E-02   6.712107690300000E-02
  -1.066543716900000E-01   2.168150332700000E-01  -2.126958662000000E-01   4.206218197800000E-02   7.048655432800000E-02
  -1.050793925500000E-01   2.138943169000000E-01  -2.097554023500000E-01   4.187421625400000E-02   7.385057072200001E-02
  -1.035074537000000E-01   2.109817515800000E-01  -2.068229426600000E-01   4.168416831000000E-02   7.721312744700000E-02
  -1.019386159900000E-01   2.080773221000000E-01  -2.038984520100000E-01   4.149208648400000E-02   8.057422807400000E-02
  -1.003729389200000E-01   2.051810142600000E-01  -2.009818954900000E-01   4.129801809100000E-02   8.393387838499999E-02
  -9.881048077500000E-02   2.022928151500000E-01  -1.980732386900000E-01   4.110200940600000E-02   8.729208612599999E-02
  -9.725129863500000E-02   1.994127129600000E-01  -1.951724473800000E-01   4.090410582700000E-02   9.064886099500000E-02
  -9.569544834200000E-02   1.965406972800000E-01  -1.922794878400000E-01   4.070435164600000E-02   9.400421483400000E-02
  -9.414298474700000E-02   1.936767591100000E-01  -1.893943267200000E-01   4.050279036300000E-02   9.735816109900000E-02
  -9.259396153000001E-02   1.908208911000000E-01  -1.865169312700000E-01   4.029946437300000E-02   1.007107153200000E-01
  -9.104843150500000E-02   1.879730872700000E-01  -1.836472689400000E-01   4.009441544900000E-02   1.040618944800000E-01
  -8.950644641100000E-02   1.851333436300000E-01  -1.807853079400000E-01   3.988768425900000E-02   1.074117175200000E-01
  -8.796805713500000E-02   1.823016578800000E-01  -1.779310168700000E-01   3.967931075300000E-02   1.107602049300000E-01
  -8.643331367800000E-02   1.794780297600000E-01  -1.750843649200000E-01   3.946933400600000E-02   1.141073788200000E-01
  -8.490226519200000E-02   1.766624608800000E-01  -1.722453216300000E-01   3.925779237400000E-02   1.174532629400000E-01
  -8.337496004800001E-02   1.738549553400000E-01  -1.694138573900000E-01   3.904472330600000E-02   1.207978825500000E-01
  -8.185144589399999E-02   1.710555193700000E-01  -1.665899429700000E-01   3.883016362000000E-02   1.241412643500000E-01
  -8.033176959900000E-02   1.682641617300000E-01  -1.637735497400000E-01   3.861414932200000E-02   1.274834366700000E-01
  -7.881597736900001E-02   1.654808939600000E-01  -1.609646498300000E-01   3.839671565800000E-02   1.308244292100000E-01
  -7.730411479800001E-02   1.627057302100000E-01  -1.581632157000000E-01   3.817789731700000E-02   1.341642730500000E-01
  -7.579622679500001E-02   1.599386878000000E-01  -1.553692206600000E-01   3.795772816300000E-02   1.375030008000000E-01
  -7.429235769100000E-02   1.571797871900000E-01  -1.525826385400000E-01   3.773624143800000E-02   1.408406464300000E-01
  -7.279255131700001E-02   1.544290523200000E-01  -1.498034438400000E-01   3.751346978600000E-02   1.441772451500000E-01
  -7.129685087300000E-02   1.516865107500000E-01  -1.470316116500000E-01   3.728944514700000E-02   1.475128337600000E-01
  -6.980529915800000E-02   1.489521940700000E-01  -1.442671178000000E-01   3.706419891600000E-02   1.508474501500000E-01
  -6.831793839600001E-02   1.462261380100000E-01  -1.415099386600000E-01   3.683776183500000E-02   1.541811337700000E-01
  -6.683481040000000E-02   1.435083829300000E-01  -1.387600513800000E-01   3.661016407600000E-02   1.575139253000000E-01
  -6.535595658700000E-02   1.407989740800000E-01  -1.360174336900000E-01   3.638143529400000E-02   1.608458666500000E-01
  -6.388141789800000E-02   1.380979620000000E-01  -1.332820640600000E-01   3.615160452100000E-02   1.641770012200000E-01
  -6.241123495900000E-02   1.354054030300000E-01  -1.305539216600000E-01   3.592070029600000E-02   1.675073735600000E-01
  -6.094544796700000E-02   1.327213595500000E-01  -1.278329861900000E-01   3.568875064100000E-02   1.708370296900000E-01
  -5.948409683900000E-02   1.300459008300000E-01  -1.251192382100000E-01   3.545578306200000E-02   1.741660167900000E-01
  -5.802722118600000E-02   1.273791034800000E-01  -1.224126589800000E-01   3.522182458300000E-02   1.774943833300000E-01
  -5.657486024600000E-02   1.247210520300000E-01  -1.197132303800000E-01   3.498690171000000E-02   1.808221792900000E-01
  -5.512705305000000E-02   1.220718397600000E-01  -1.170209350700000E-01   3.475104053000000E-02   1.841494557700000E-01
  -5.368383834400000E-02   1.194315695000000E-01  -1.143357563900000E-01   3.451426665500000E-02   1.874762652900000E-01
  -5.224525465800000E-02   1.168003545500000E-01  -1.116576784300000E-01   3.427660528600000E-02   1.908026616200000E-01
  -5.081134027900000E-02   1.141783197700000E-01  -1.089866860500000E-01   3.403808114900000E-02   1.941286999500000E-01
  -4.938213330800000E-02   1.115656026100000E-01  -1.063227647600000E-01   3.379871860800000E-02   1.974544367700000E-01
  -4.795767166900000E-02   1.089623546600000E-01  -1.036659009400000E-01   3.355854159100000E-02   2.007799299100000E-01
  -4.653799311600000E-02   1.063687429000000E-01  -1.010160816500000E-01   3.331757365800000E-02   2.041052385800000E-01
  -4.512313524100000E-02   1.037849516100000E-01  -9.837329477100000E-02   3.307583795800000E-02   2.074304234400000E-01
  -4.371313553000000E-02   1.012111841100000E-01  -9.573752887200000E-02   3.283335732700000E-02   2.107555464500000E-01
  -4.230803133500000E-02   9.864766514400000E-02  -9.310877342100001E-02   3.259015419500000E-02   2.140806710600000E-01
  -4.090785993500000E-02   9.609464330900000E-02  -9.048701862300000E-02   3.234625068500000E-02   2.174058620700000E-01
  -3.951265851800000E-02   9.355239394000001E-02  -8.787225549800000E-02   3.210166858000000E-02   2.207311857900000E-01
  -3.812246420500000E-02   9.102122247100000E-02  -8.526447589800000E-02   3.185642933500000E-02   2.240567099700000E-01
  -3.673731407000000E-02   8.850146821500000E-02  -8.266367246300001E-02   3.161055411100000E-02   2.273825038700000E-01
  -3.535724515200000E-02   8.599350890700000E-02  -8.006983876500000E-02   3.136406373900000E-02   2.307086382500000E-01
  -3.398229446300000E-02   8.349776573100000E-02  -7.748296919000000E-02   3.111697876700000E-02   2.340351854500000E-01
  -3.261249904700000E-02   8.101470933900000E-02  -7.490305896700000E-02   3.086931950400000E-02   2.373622192700000E-01
  -3.124789594400000E-02   7.854486685900000E-02  -7.233010424000000E-02   3.062110596600000E-02   2.406898151500000E-01
  -2.988852221700000E-02   7.608883004200000E-02  -6.976410202800000E-02   3.037235791500000E-02   2.440180501700000E-01
  -2.853441498100000E-02   7.364726492000000E-02  -6.720505030200000E-02   3.012309486300000E-02   2.473470029900000E-01
  -2.718561137900000E-02   7.122092312800001E-02  -6.465294799400000E-02   2.987333605200000E-02   2.506767540700000E-01
  -2.584214871000000E-02   6.881065523900000E-02  -6.210779488600000E-02   2.962310059300000E-02   2.540073853500000E-01
  -2.450406428100000E-02   6.641742679700000E-02  -5.956959184700000E-02   2.937240728300000E-02   2.573389806900000E-01
  -2.317139553500000E-02   6.404233717799999E-02  -5.703834068600000E-02   2.912127474900000E-02   2.606716256600000E-01
  -2.184418005000000E-02   6.168664225900000E-02  -5.451404422000000E-02   2.886972144000000E-02   2.640054075900000E-01
  -2.052245552800000E-02   5.935178157900000E-02  -5.199670632600000E-02   2.861776559700000E-02   2.673404156800000E-01
  -1.920625979900000E-02   5.703941093400000E-02  -4.948633193900000E-02   2.836542527300000E-02   2.706767410500000E-01
  -1.789563090700000E-02   5.475144169800000E-02  -4.698292702600000E-02   2.811271840500000E-02   2.740144766200000E-01
  -1.659060705500000E-02   5.249008837500000E-02  -4.448649873900000E-02   2.785966273200000E-02   2.773537173200000E-01
  -1.529122661200000E-02   5.025792597300000E-02  -4.199705534500000E-02   2.760627583500000E-02   2.806945601400000E-01
  -1.399752821000000E-02   4.805795956100000E-02  -3.951460624900000E-02   2.735257520100000E-02   2.840371039900000E-01
  -1.270955069300000E-02   4.589370835300000E-02  -3.703916207700000E-02   2.709857817300000E-02   2.873814498900000E-01
  -1.142733311100000E-02   4.376930709500000E-02  -3.457073468300000E-02   2.684430194900000E-02   2.907277010900000E-01
  -1.015091486400000E-02   4.168962778500000E-02  -3.210933713300000E-02   2.658976370200000E-02   2.940759627700000E-01
  -8.880335527200000E-03   3.966042436200000E-02  -2.965498384600000E-02   2.633498041900000E-02   2.974263426000000E-01
  -7.615635029400000E-03   3.768850237700000E-02  -2.720769056300000E-02   2.607996905100000E-02   3.007789503500000E-01
  -6.356853581500000E-03   3.578191325100000E-02  -2.476747436100000E-02   2.582474646000000E-02   3.041338981700000E-01
  -5.104031756300000E-03   3.395016886000000E-02  -2.233435370800000E-02   2.556932948000000E-02   3.074913005200000E-01
  -3.857210427800000E-03   3.220446420500000E-02  -1.990834857200000E-02   2.531373484600000E-02   3.108512743600000E-01
  -2.616430836700000E-03   3.055788358400000E-02  -1.748948039200000E-02   2.505797926300000E-02   3.142139391200000E-01
  -1.381734627800000E-03   2.902554660900000E-02  -1.507777210500000E-02   2.480207943500000E-02   3.175794166900000E-01
  -1.531637725900000E-04   2.762462471200000E-02  -1.267324831200000E-02   2.454605197800000E-02   3.209478317500000E-01
   1.069239228900000E-03   2.637413024200000E-02  -1.027593509600000E-02   2.428991362500000E-02   3.243193113100000E-01
   2.285431562800000E-03   2.529435936500000E-02  -7.885860378300000E-03   2.403368098600000E-02   3.276939854100000E-01
   3.495369917800000E-03   2.440587962200000E-02  -5.503053735800000E-03   2.377737074800000E-02   3.310719867400000E-01
   4.699010524800000E-03   2.372802078500000E-02  -3.127546544400000E-03   2.352099961700000E-02   3.344534508700000E-01
   5.896309146800000E-03   2.327697423700000E-02  -7.593720527400000E-04   2.326458432200000E-02   3.378385163100000E-01
   7.087220977400000E-03   2.306380667200000E-02   1.601434663500000E-03   2.300814171600000E-02   3.412273243800000E-01
   8.271700776900001E-03   2.309285747900000E-02   3.954836444800000E-03   2.275168862400000E-02   3.446200196900000E-01
   9.449702701300000E-03   2.336099143600000E-02   6.300794180500000E-03   2.249524202100000E-02   3.480167498100000E-01
   1.062118040600000E-02   2.385795451100000E-02   8.639266571200000E-03   2.223881891100000E-02   3.514176656800000E-01
   1.178608687900000E-02   2.456772327800000E-02   1.097021024500000E-02   2.198243649500000E-02   3.548229212700000E-01
   1.294437460900000E-02   2.547043770200000E-02   1.329357944900000E-02   2.172611198900000E-02   3.582326741700000E-01
   1.409599538000000E-02   2.654441701800000E-02   1.560932620700000E-02   2.146986283600000E-02   3.616470851800000E-01
   1.524090039300000E-02   2.776786939000000E-02   1.791740004100000E-02   2.121370656500000E-02   3.650663187800000E-01
   1.637904012500000E-02   2.912011140500000E-02   2.021774805600000E-02   2.095766093300000E-02   3.684905428500000E-01
   1.751036441700000E-02   3.058229007000000E-02   2.251031470700000E-02   2.070174383300000E-02   3.719199291000000E-01
   1.863482237400000E-02   3.213770255400000E-02   2.479504179900000E-02   2.044597338500000E-02   3.753546528800000E-01
   1.975236242200000E-02   3.377183749900000E-02   2.707186829700000E-02   2.019036787600000E-02   3.787948935700000E-01
   2.086293216100000E-02   3.547225010400000E-02   2.934073038300000E-02   1.993494590000000E-02   3.822408342100000E-01
   2.196647849700000E-02   3.722835332800000E-02   3.160156115200000E-02   1.967972622500000E-02   3.856926621100000E-01
   2.306294744500000E-02   3.903118058600000E-02   3.385429073100000E-02   1.942472797900000E-02   3.891505683800000E-01
   2.415228432200000E-02   4.087315061200000E-02   3.609884587300000E-02   1.916997046300000E-02   3.926147486900000E-01
   2.523443347000000E-02   4.274785228000000E-02   3.833515019100000E-02   1.891547341200000E-02   3.960854025800000E-01
   2.630933846900000E-02   4.464985452700000E-02   4.056312370100000E-02   1.866125678700000E-02   3.995627342600000E-01
   2.737694196700000E-02   4.657454409700000E-02   4.278268291300000E-02   1.840734094400000E-02   4.030469522700000E-01
   2.843718568100000E-02   4.851798853600000E-02   4.499374062400000E-02   1.815374661700000E-02   4.065382696200000E-01
   2.949001044300000E-02   5.047682196900000E-02   4.719620576500000E-02   1.790049489400000E-02   4.100369041300000E-01
   3.053535606400000E-02   5.244815053100000E-02   4.938998329500000E-02   1.764760732300000E-02   4.135430781000000E-01
   3.157316139700000E-02   5.442947415200000E-02   5.157497404900000E-02   1.739510587300000E-02   4.170570187500000E-01
   3.260336428900000E-02   5.641862198700000E-02   5.375107453100000E-02   1.714301296700000E-02   4.205789581500000E-01
   3.362590153200000E-02   5.841369921900000E-02   5.591817682800000E-02   1.689135153600000E-02   4.241091332700000E-01
   3.464070890400000E-02   6.041304293900000E-02   5.807616836500000E-02   1.664014498900000E-02   4.276477862400000E-01
   3.564772107400000E-02   6.241518573800000E-02   6.022493180900000E-02   1.638941729900000E-02   4.311951642100000E-01
   3.664687156600000E-02   6.441882540200000E-02   6.236434489400000E-02   1.613919304100000E-02   4.347515193400000E-01
   3.763809286000000E-02   6.642279950200000E-02   6.449428012500000E-02   1.588949731500000E-02   4.383171093000000E-01
   3.862131620600000E-02   6.842606447000001E-02   6.661460474800000E-02   1.564035591400000E-02   4.418921967700000E-01
   3.959647176400000E-02   7.042767765400000E-02   6.872518039099999E-02   1.539179521900000E-02   4.454770500400000E-01
   4.056348838600000E-02   7.242678264000001E-02   7.082586308100000E-02   1.514384239000000E-02   4.490719423600000E-01
   4.152229382400000E-02   7.442259631800000E-02   7.291650279000000E-02   1.489652521700000E-02   4.526771527700000E-01
   4.247281454200000E-02   7.641439833400000E-02   7.499694337100001E-02   1.464987227800000E-02   4.562929655300000E-01
   4.341497578000000E-02   7.840152188000001E-02   7.706702229700001E-02   1.440391292000000E-02   4.599196704100000E-01
   4.434870149000000E-02   8.038334594200000E-02   7.912657051300000E-02   1.415867732500000E-02   4.635575624900000E-01
   4.527391434500000E-02   8.235928845100000E-02   8.117541209900001E-02   1.391419652000000E-02   4.672069422600000E-01
   4.619053575500000E-02   8.432880053700000E-02   8.321336409600000E-02   1.367050240300000E-02   4.708681156600000E-01
   4.709848579400000E-02   8.629136149600000E-02   8.524023627500001E-02   1.342762781300000E-02   4.745413937900000E-01
   4.799768326400000E-02   8.824647440300000E-02   8.725583089400001E-02   1.318560652700000E-02   4.782270930800000E-01
   4.888804562300000E-02   9.019366228700000E-02   8.925994245400000E-02   1.294447333500000E-02   4.819255349500000E-01
   4.976948903800000E-02   9.213246481400000E-02   9.125235749100000E-02   1.270426404700000E-02   4.856370458800000E-01
   5.031155888400000E-02   9.333031693200000E-02   9.248189126900000E-02   1.255578933600000E-02   4.879452815400000E-01
   5.117837138900000E-02   9.525459116500000E-02   9.445488243200000E-02   1.231715562100000E-02   4.916786708300000E-01
   5.203603912300000E-02   9.716933206099999E-02   9.641557805200000E-02   1.207954478000000E-02   4.954260069000000E-01
   5.288447355700000E-02   9.907411715300001E-02   9.836373376200000E-02   1.184299666700000E-02   4.991876326300000E-01
   5.372358492200000E-02   1.009685295100000E-01   1.002990961000000E-01   1.160755232500000E-02   5.029638948300000E-01
   5.455328223900000E-02   1.028521560200000E-01   1.022214023100000E-01   1.137325401800000E-02   5.067551440600000E-01
   5.537347333700000E-02   1.047245859300000E-01   1.041303801100000E-01   1.114014528000000E-02   5.105617340300001E-01
   5.618406491100000E-02   1.065854095200000E-01   1.060257475700000E-01   1.090827094000000E-02   5.143840213500001E-01
   5.698496256800000E-02   1.084342168300000E-01   1.079072128700000E-01   1.067767715800000E-02   5.182223648900000E-01
   5.777607089300000E-02   1.102705966600000E-01   1.097744742100000E-01   1.044841144400000E-02   5.220771253500000E-01
   5.855729353200000E-02   1.120941355800000E-01   1.116272195600000E-01   1.022052268500000E-02   5.259486645900000E-01
   5.932853331000000E-02   1.139044169600000E-01   1.134651265600000E-01   9.994061132900000E-03   5.298373452200000E-01
   6.008969227400000E-02   1.157010205500000E-01   1.152878625900000E-01   9.769078482500001E-03   5.337435294600000E-01
   6.084067181600000E-02   1.174835216600000E-01   1.170950846500000E-01   9.545627863000001E-03   5.376675784400000E-01
   6.158137286000000E-02   1.192514906400000E-01   1.188864392900000E-01   9.323763809900000E-03   5.416098515300000E-01
   6.231169599700000E-02   1.210044924300000E-01   1.206615626700000E-01   9.103542273300000E-03   5.455707053400000E-01
   6.303154157800001E-02   1.227420864000000E-01   1.224200807900000E-01   8.885020666799999E-03   5.495504922500000E-01
   6.374081004800000E-02   1.244638258400000E-01   1.241616094000000E-01   8.668257744500000E-03   5.535495600500000E-01
   6.443940197200000E-02   1.261692582800000E-01   1.258857546400000E-01   8.453313718000000E-03   5.575682497400000E-01
   6.512721842499999E-02   1.278579250300000E-01   1.275921128800000E-01   8.240250090900000E-03   5.616068950400001E-01
   6.580416119099999E-02   1.295293614800000E-01   1.292802713600000E-01   8.029129670200001E-03   5.656658207300001E-01
   6.647013298399999E-02   1.311830975100000E-01   1.309498087600000E-01   7.820016549900000E-03   5.697453407400001E-01
   6.712503788200000E-02   1.328186573600000E-01   1.326002954000000E-01   7.612975935900000E-03   5.738457573700000E-01
   6.776878157300000E-02   1.344355605100000E-01   1.342312942900000E-01   7.408074145200000E-03   5.779673590800000E-01
   6.840127173000000E-02   1.360333220700000E-01   1.358423617100000E-01   7.205378477800000E-03   5.821104188400000E-01
   6.902241840100000E-02   1.376114537000000E-01   1.374330483000000E-01   7.004957119500000E-03   5.862751923000000E-01
   6.963213447300000E-02   1.391694642100000E-01   1.390028998500000E-01   6.806878960800000E-03   5.904619162000000E-01
   7.023033608800000E-02   1.407068607400000E-01   1.405514586100000E-01   6.611213476000000E-03   5.946708063000000E-01
   7.081694311800001E-02   1.422231499900000E-01   1.420782646200000E-01   6.418030555600000E-03   5.989020553400000E-01
   7.139187967800000E-02   1.437178394800000E-01   1.435828571600000E-01   6.227400306600000E-03   6.031558312200001E-01
   7.195507466999999E-02   1.451904390000000E-01   1.450647762600000E-01   6.039392835100000E-03   6.074322750600000E-01
   7.250646231300000E-02   1.466404624100000E-01   1.465235646100000E-01   5.854078035200000E-03   6.117314991100000E-01
   7.304598278200000E-02   1.480674289600000E-01   1.479587689900000E-01   5.671525277100000E-03   6.160535854300000E-01
   7.357358272400000E-02   1.494708658800000E-01   1.493699429100000E-01   5.491803220000000E-03   6.203985833400000E-01
   7.408921588700000E-02   1.508503100800000E-01   1.507566484300000E-01   5.314979484400000E-03   6.247665080500000E-01
   7.459284379300001E-02   1.522053102900000E-01   1.521184583300000E-01   5.141120317000000E-03   6.291573394200000E-01
   7.508443627899999E-02   1.535354296500000E-01   1.534549587700000E-01   4.970290318900000E-03   6.335710200500000E-01
   7.556397216200000E-02   1.548402478100000E-01   1.547657514900000E-01   4.802552073800000E-03   6.380074543800000E-01
   7.603143983400000E-02   1.561193636000000E-01   1.560504564700000E-01   4.637965808500000E-03   6.424665077700000E-01
   7.648683784099999E-02   1.573723974600000E-01   1.573087144200000E-01   4.476589042700000E-03   6.469480056700000E-01
   7.693017540600000E-02   1.585989943000000E-01   1.585401897100000E-01   4.318476259500000E-03   6.514517328400000E-01
   7.736147302599999E-02   1.597988255500000E-01   1.597445724500000E-01   4.163678487100000E-03   6.559774340000000E-01
   7.778076289400000E-02   1.609715919200000E-01   1.609215812500000E-01   4.012242983200000E-03   6.605248134800000E-01
   7.818808931300000E-02   1.621170260200000E-01   1.620709658900000E-01   3.864212904200000E-03   6.650935357200000E-01
   7.858350907900000E-02   1.632348944800000E-01   1.631925094900000E-01   3.719626952500000E-03   6.696832263300000E-01
   7.896709177100000E-02   1.643250001000000E-01   1.642860306300000E-01   3.578519066000000E-03   6.742934734200000E-01
   7.933891994800001E-02   1.653871837700000E-01   1.653513853600000E-01   3.440918132300000E-03   6.789238291100000E-01
   7.969908926100000E-02   1.664213267200000E-01   1.663884693900000E-01   3.306847755300000E-03   6.835738112500001E-01
   8.004770851900001E-02   1.674273514000000E-01   1.673972190700000E-01   3.176325992100000E-03   6.882429061300001E-01
   8.038489959500000E-02   1.684052232300000E-01   1.683776130700000E-01   3.049365196700000E-03   6.929305706300000E-01
   8.071079729800000E-02   1.693549510700000E-01   1.693296729500000E-01   2.925971846300000E-03   6.976362355000000E-01
   8.102554908600000E-02   1.702765883000000E-01   1.702534641800000E-01   2.806146467000000E-03   7.023593080000000E-01
   8.132931472000000E-02   1.711702330500000E-01   1.711490964300000E-01   2.689883571000000E-03   7.070991752800000E-01
   8.162226584100001E-02   1.720360275100000E-01   1.720167228700000E-01   2.577171619900000E-03   7.118552081600000E-01
   8.190458539999999E-02   1.728741582900000E-01   1.728565405600000E-01   2.467993099800000E-03   7.166267641600000E-01
   8.217646705100000E-02   1.736848551600000E-01   1.736687891800000E-01   2.362324586900000E-03   7.214131913200000E-01
   8.243811445200000E-02   1.744683901300000E-01   1.744537501300000E-01   2.260136885400000E-03   7.262138316800000E-01
   8.268974049300000E-02   1.752250759800000E-01   1.752117451000000E-01   2.161395206200000E-03   7.310280247200000E-01
   8.293156648900001E-02   1.759552642900000E-01   1.759431340800000E-01   2.066059369800000E-03   7.358551110300000E-01
   8.316382128400000E-02   1.766593440100000E-01   1.766483139400000E-01   1.974084087600000E-03   7.406944350300000E-01
   8.338674037700000E-02   1.773377384000000E-01   1.773277154200000E-01   1.885419216900000E-03   7.455453487100000E-01
   8.360056496300000E-02   1.779909035500000E-01   1.779818016300000E-01   1.800010112300000E-03   7.504072138200000E-01
   8.380554101300000E-02   1.786193248600000E-01   1.786110645600000E-01   1.717797938000000E-03   7.552794049700000E-01
   8.400191831600000E-02   1.792235150200000E-01   1.792160230900000E-01   1.638720048300000E-03   7.601613116700000E-01
   8.418994955700000E-02   1.798040103500000E-01   1.797972193100000E-01   1.562710340100000E-03   7.650523406900001E-01
   8.436988938900000E-02   1.803613688700000E-01   1.803552166600000E-01   1.489699660400000E-03   7.699519175400000E-01
   8.454199354000000E-02   1.808961672900000E-01   1.808905968500000E-01   1.419616188300000E-03   7.748594878600000E-01
   8.470651798800000E-02   1.814089967200000E-01   1.814039557000000E-01   1.352385790200000E-03   7.797745193800000E-01
   8.486371811100001E-02   1.819004619400000E-01   1.818959023300000E-01   1.287932449200000E-03   7.846965018200000E-01
   8.501384795500000E-02   1.823711765500000E-01   1.823670543800000E-01   1.226178592700000E-03   7.896249485500000E-01
   8.515715949600000E-02   1.828217621200000E-01   1.828180371500000E-01   1.167045491300000E-03   7.945593962000001E-01
   8.529390199700000E-02   1.832528447000000E-01   1.832494801800000E-01   1.110453585700000E-03   7.994994052700000E-01
   8.542432140400000E-02   1.836650520000000E-01   1.836620143300000E-01   1.056322809200000E-03   8.044445602400000E-01
   8.554865980100000E-02   1.840590120900000E-01   1.840562706500000E-01   1.004572915800000E-03   8.093944690500000E-01
   8.566715492400000E-02   1.844353506400000E-01   1.844328775000000E-01   9.551237571900000E-04   8.143487629300000E-01
   8.578003973499999E-02   1.847946892800000E-01   1.847924590300000E-01   9.078955569900000E-04   8.193070958800000E-01
   8.588754205700000E-02   1.851376431300000E-01   1.851356326100000E-01   8.628091467600000E-04   8.242691441400000E-01
   8.598988424200001E-02   1.854648206600000E-01   1.854630088500000E-01   8.197862091000000E-04   8.292346051400000E-01
   8.608728292600000E-02   1.857768201400000E-01   1.857751879300000E-01   7.787494525800000E-04   8.342031972600000E-01
   8.617994879300001E-02   1.860742307800000E-01   1.860727608100000E-01   7.396228196900000E-04   8.391746583200000E-01
   8.626808642500000E-02   1.863576291300000E-01   1.863563056700000E-01   7.023316177600000E-04   8.441487453000000E-01
   8.635189416200000E-02   1.866275800600000E-01   1.866263888400000E-01   6.668026770500000E-04   8.491252329600000E-01
   8.643156402200000E-02   1.868846349400000E-01   1.868835630300000E-01   6.329644586500000E-04   8.541039130900000E-01
   8.650728164900000E-02   1.871293312600000E-01   1.871283669600000E-01   6.007471569600000E-04   8.590845935100000E-01
   8.657922629500001E-02   1.873621918100000E-01   1.873613245200000E-01   5.700827796200000E-04   8.640670971600000E-01
   8.664757083700000E-02   1.875837247100000E-01   1.875829448400000E-01   5.409052171400000E-04   8.690512611100000E-01
   8.671248180799999E-02   1.877944226700000E-01   1.877937215700000E-01   5.131502906900000E-04   8.740369356600000E-01
   8.677411946600000E-02   1.879947628100000E-01   1.879941326500000E-01   4.867557895000000E-04   8.790239834900000E-01
   8.683263787499999E-02   1.881852066100000E-01   1.881846403300000E-01   4.616614963000000E-04   8.840122788000000E-01
   8.688818500400000E-02   1.883662001000000E-01   1.883656913100000E-01   4.378092018400000E-04   8.890017064000000E-01
   8.694090284800000E-02   1.885381731300000E-01   1.885377160800000E-01   4.151427036800000E-04   8.939921611000000E-01
   8.699092754800000E-02   1.887015406000000E-01   1.887011300900000E-01   3.936078063800000E-04   8.989835467400000E-01
   8.703838953900001E-02   1.888567013400000E-01   1.888563326900000E-01   3.731523005000000E-04   9.039757757300000E-01
   8.708341369600001E-02   1.890040392200000E-01   1.890037082100000E-01   3.537259464000000E-04   9.089687682000001E-01
   8.712611948500000E-02   1.891439231900000E-01   1.891436260300000E-01   3.352804454100000E-04   9.139624514300000E-01
   8.716662112900001E-02   1.892767071600000E-01   1.892764404100000E-01   3.177694053100000E-04   9.189567593400000E-01
   8.720502776899999E-02   1.894027308100000E-01   1.894024914000000E-01   3.011483056100000E-04   9.239516318300000E-01
   8.724144363300000E-02   1.895223198500000E-01   1.895221050000000E-01   2.853744555400000E-04   9.289470143400000E-01
   8.727596820100000E-02   1.896357856300000E-01   1.896355928300000E-01   2.704069475000000E-04   9.339428574200001E-01
   8.730869637700001E-02   1.897434269200000E-01   1.897432539400000E-01   2.562066151900000E-04   9.389391161400000E-01
   8.733971865500000E-02   1.898455291800000E-01   1.898453740000000E-01   2.427359806500000E-04   9.439357498600000E-01
   8.736912128700000E-02   1.899423650900000E-01   1.899422258800000E-01   2.299592047100000E-04   9.489327217700000E-01
   8.739698644600000E-02   1.900341952900000E-01   1.900340704300000E-01   2.178420367200000E-04   9.539299985500001E-01
   8.742339238800000E-02   1.901212689300000E-01   1.901211569500000E-01   2.063517624200000E-04   9.589275500600000E-01
   8.744841361700000E-02   1.902038235100000E-01   1.902037230800000E-01   1.954571501900000E-04   9.639253490600001E-01
   8.747212103099999E-02   1.902820856000000E-01   1.902819955400000E-01   1.851283993100000E-04   9.689233709500000E-01
   8.749458208400000E-02   1.903562712100000E-01   1.903561904600000E-01   1.753370876200000E-04   9.739215935100000E-01
   8.751586092600000E-02   1.904265864600000E-01   1.904265140600000E-01   1.660561200500000E-04   9.789199966700000E-01
   8.753601855199999E-02   1.904932274000000E-01   1.904931624900000E-01   1.572596763300000E-04   9.839185623400000E-01
   8.755511294200000E-02   1.905563809300000E-01   1.905563227400000E-01   1.489231615000000E-04   9.889172742000000E-01
   8.757319919100000E-02   1.906162249400000E-01   1.906161727700000E-01   1.410231560200000E-04   9.939161175300000E-01
   8.759032964600000E-02   1.906729289100000E-01   1.906728821500000E-01   1.335373675600000E-04   9.989150790700000E-01
   8.760655402799999E-02   1.907266536000000E-01   1.907266116800000E-01   1.264445826900000E-04   1.003914146900000E+00
   8.762191955600000E-02   1.907775523300000E-01   1.907775147600000E-01   1.197246223400000E-04   1.008913310200000E+00
   8.763647106100000E-02   1.908257709300000E-01   1.908257372600000E-01   1.133582961700000E-04   1.013912559300000E+00
   8.765025110300000E-02   1.908714476200000E-01   1.908714174500000E-01   1.073273586900000E-04   1.018911885600000E+00
   8.766330007500001E-02   1.909147139600000E-01   1.909146869200000E-01   1.016144679200000E-04   1.023911281100000E+00
   8.767565630900000E-02   1.909556953100000E-01   1.909556710700000E-01   9.620314488800000E-05   1.028910738800000E+00
   8.768735617600000E-02   1.909945102300000E-01   1.909944885100000E-01   9.107773322100000E-05   1.033910252400000E+00
   8.769843417800000E-02   1.910312713900000E-01   1.910312519300000E-01   8.622336201100000E-05   1.038909816100000E+00
   8.770892304300000E-02   1.910660860700000E-01   1.910660686300000E-01   8.162590950700001E-05   1.043909424800000E+00
   8.771885381199999E-02   1.910990560500000E-01   1.910990404300000E-01   7.727196757899999E-05   1.048909074000000E+00
   8.772825592000000E-02   1.911302775600000E-01   1.911302635700000E-01   7.314880775000000E-05   1.053908759400000E+00
   8.773715727600000E-02   1.911598425400000E-01   1.911598300000000E-01   6.924434964099999E-05   1.058908477300000E+00
   8.774558434200000E-02   1.911878374500000E-01   1.911878262200000E-01   6.554712873700000E-05   1.063908224500000E+00
   8.775356220199999E-02   1.912143452000000E-01   1.912143351400000E-01   6.204626792000000E-05   1.068907997900000E+00
   8.776111463400001E-02   1.912394438100000E-01   1.912394347900000E-01   5.873144774900000E-05   1.073907794700000E+00
   8.776826417600001E-02   1.912632073900000E-01   1.912631993100000E-01   5.559287975800000E-05   1.078907612700000E+00
   8.777503218500000E-02   1.912857063400000E-01   1.912856991000000E-01   5.262128033500000E-05   1.083907449500000E+00
   8.778143890200001E-02   1.913070076100000E-01   1.913070011300000E-01   4.980784577000000E-05   1.088907303300000E+00
   8.778750350600000E-02   1.913271740800000E-01   1.913271682700000E-01   4.714422798000000E-05   1.093907172400000E+00
   8.779324417000001E-02   1.913462659400000E-01   1.913462607400000E-01   4.462251245600000E-05   1.098907055000000E+00
   8.779867811100001E-02   1.913643401400000E-01   1.913643354700000E-01   4.223519611500000E-05   1.103906949900000E+00
   8.780382164099999E-02   1.913814503500000E-01   1.913814461800000E-01   3.997516655200000E-05   1.108906855700000E+00
   8.780869021000000E-02   1.913976477400000E-01   1.913976440000000E-01   3.783568256600000E-05   1.113906771400000E+00
   8.781329845600000E-02   1.914129808100000E-01   1.914129774600000E-01   3.581035524700000E-05   1.118906695900000E+00
   8.781766024300000E-02   1.914274951400000E-01   1.914274921400000E-01   3.389312987800000E-05   1.123906628300000E+00
   8.782178870300000E-02   1.914412345200000E-01   1.914412318300000E-01   3.207826929600000E-05   1.128906567800000E+00
   8.782569627300001E-02   1.914542399500000E-01   1.914542375400000E-01   3.036033723100000E-05   1.133906513600000E+00
   8.782939473199999E-02   1.914665504200000E-01   1.914665482700000E-01   2.873418310600000E-05   1.138906465100000E+00
   8.783289523399999E-02   1.914782030200000E-01   1.914782010900000E-01   2.719492733900000E-05   1.143906421700000E+00
   8.783620834500000E-02   1.914892326400000E-01   1.914892309100000E-01   2.573794726100000E-05   1.148906382800000E+00
   8.783934406600000E-02   1.914996724600000E-01   1.914996709100000E-01   2.435886394500000E-05   1.153906348100000E+00
   8.784231187000000E-02   1.915095539600000E-01   1.915095525700000E-01   2.305352957000000E-05   1.158906317000000E+00
   8.784512072600000E-02   1.915189067200000E-01   1.915189054800000E-01   2.181801535300000E-05   1.163906289200000E+00
   8.784777912600000E-02   1.915277591700000E-01   1.915277580500000E-01   2.064860032800000E-05   1.168906264400000E+00
   8.785029511200000E-02   1.915361379200000E-01   1.915361369300000E-01   1.954176034100000E-05   1.173906242200000E+00
   8.785267629600001E-02   1.915440681200000E-01   1.915440672200000E-01   1.849415785100000E-05   1.178906222400000E+00
   8.785492988700000E-02   1.915515738300000E-01   1.915515730300000E-01   1.750263225700000E-05   1.183906204700000E+00
   8.785706270700000E-02   1.915586776100000E-01   1.915586768900000E-01   1.656419052200000E-05   1.188906188800000E+00
   8.785908121700001E-02   1.915654008800000E-01   1.915654002400000E-01   1.567599846200000E-05   1.193906174700000E+00
   8.786099153400000E-02   1.915717643000000E-01   1.915717637300000E-01   1.483537246200000E-05   1.198906162100000E+00
   8.786279944700000E-02   1.915777867300000E-01   1.915777862200000E-01   1.403977137500000E-05   1.203906150900000E+00
   8.786451043700000E-02   1.915834864900000E-01   1.915834860300000E-01   1.328678923800000E-05   1.208906140900000E+00
   8.786612969300001E-02   1.915888809800000E-01   1.915888805700000E-01   1.257414807200000E-05   1.213906132000000E+00
   8.786766212500000E-02   1.915939864100000E-01   1.915939860400000E-01   1.189969109000000E-05   1.218906124100000E+00
   8.786911238500000E-02   1.915988180000000E-01   1.915988176700000E-01   1.126137633700000E-05   1.223906117000000E+00
   8.787048487200000E-02   1.916033909600000E-01   1.916033906600000E-01   1.065727072800000E-05   1.228906110700000E+00
   8.787178375200000E-02   1.916077185600000E-01   1.916077183000000E-01   1.008554406100000E-05   1.233906105200000E+00
   8.787301296800000E-02   1.916118142900000E-01   1.916118140500000E-01   9.544463815699999E-06   1.238906100300000E+00
   8.787417625299999E-02   1.916156903300000E-01   1.916156901200000E-01   9.032389812400000E-06   1.243906095900000E+00
   8.787527714100001E-02   1.916193587700000E-01   1.916193585800000E-01   8.547769435200001E-06   1.248906092100000E+00
   8.787631897300000E-02   1.916228303800000E-01   1.916228302100000E-01   8.089132869700001E-06   1.253906088700000E+00
   8.787730491699999E-02   1.916261158600000E-01   1.916261157100000E-01   7.655088820900000E-06   1.258906085700000E+00
   8.787823796600000E-02   1.916292250000000E-01   1.916292248700000E-01   7.244320267700000E-06   1.263906083000000E+00
   8.787912095800000E-02   1.916321676000000E-01   1.916321674800000E-01   6.855580588500000E-06   1.268906080700000E+00
   8.787995657500000E-02   1.916349522300000E-01   1.916349521200000E-01   6.487689720400000E-06   1.273906078700000E+00
   8.788074735699999E-02   1.916375873800000E-01   1.916375872900000E-01   6.139530702400000E-06   1.278906077000000E+00
   8.788149570800000E-02   1.916400814600000E-01   1.916400813700000E-01   5.810046314300000E-06   1.283906075500000E+00
   8.788220390400001E-02   1.916424417500000E-01   1.916424416700000E-01   5.498235825000000E-06   1.288906074200000E+00
   8.788287409800000E-02   1.916446752800000E-01   1.916446752100000E-01   5.203152037500000E-06   1.293906073100000E+00
   8.788350832800000E-02   1.916467889500000E-01   1.916467888900000E-01   4.923898445800000E-06   1.298906072100000E+00

  -2.058057931100000E-01   4.139412997500000E-01  -4.113004651200000E-01   4.668326289300000E-02  -1.379999965400000E-01
  -2.174387444000000E-01   4.410789424400000E-01  -4.387133069200000E-01   4.562091407600000E-02  -1.632263703100000E-01
  -2.188337194300000E-01   4.444628538800000E-01  -4.421329636600000E-01   4.544965257400000E-02  -1.662890169500000E-01
  -2.202136637500000E-01   4.478424048600000E-01  -4.455485106600000E-01   4.526968349300000E-02  -1.693280188500000E-01
  -2.215779727700000E-01   4.512167344000000E-01  -4.489590709500000E-01   4.508097178300000E-02  -1.723422073900000E-01
  -2.229260393700000E-01   4.545849531900000E-01  -4.523637382700000E-01   4.488349317900000E-02  -1.753303925100000E-01
  -2.242572559200000E-01   4.579461455300000E-01  -4.557615790100000E-01   4.467723476000000E-02  -1.782913657300000E-01
  -2.255710161900000E-01   4.612993713700000E-01  -4.591516342000000E-01   4.446219553400000E-02  -1.812239033100000E-01
  -2.268667179700000E-01   4.646436692500000E-01  -4.625329226000000E-01   4.423838703200000E-02  -1.841267704700000E-01
  -2.281437647800000E-01   4.679780588100000E-01  -4.659044431600000E-01   4.400583339400000E-02  -1.869987241900000E-01
  -2.294015688100000E-01   4.713015442300000E-01  -4.692651785700000E-01   4.376457210600000E-02  -1.898385183800000E-01
  -2.306395528300000E-01   4.746131176500000E-01  -4.726140987600000E-01   4.351465380200000E-02  -1.926449071100000E-01
  -2.318571530100000E-01   4.779117627700000E-01  -4.759501645200000E-01   4.325614278300000E-02  -1.954166496900000E-01
  -2.330538213800000E-01   4.811964592500000E-01  -4.792723320000000E-01   4.298911694600000E-02  -1.981525153000000E-01
  -2.342290281400000E-01   4.844661863400000E-01  -4.825795564300000E-01   4.271366786000000E-02  -2.008512872800000E-01
  -2.353822642400000E-01   4.877199277500000E-01  -4.858707970900000E-01   4.242990051400000E-02  -2.035117680300000E-01
  -2.365130435500000E-01   4.909566758300000E-01  -4.891450215800000E-01   4.213793313500000E-02  -2.061327834900000E-01
  -2.376209051100000E-01   4.941754359800000E-01  -4.924012103100000E-01   4.183789687400000E-02  -2.087131874300000E-01
  -2.387054152500000E-01   4.973752312200000E-01  -4.956383612000000E-01   4.152993542400000E-02  -2.112518660800000E-01
  -2.397661696000000E-01   5.005551069600001E-01  -4.988554945700000E-01   4.121420444300000E-02  -2.137477423700000E-01
  -2.408027943400000E-01   5.037141344900000E-01  -5.020516566700000E-01   4.089087087800000E-02  -2.161997787600000E-01
  -2.418149481200000E-01   5.068514159200001E-01  -5.052259248200000E-01   4.056011229900000E-02  -2.186069815700000E-01
  -2.428023231300000E-01   5.099660876400000E-01  -5.083774108900000E-01   4.022211623900000E-02  -2.209684038300000E-01
  -2.437646460700000E-01   5.130573241200001E-01  -5.115052652600000E-01   3.987707917000000E-02  -2.232831477000000E-01
  -2.447016787700000E-01   5.161243409500000E-01  -5.146086799100000E-01   3.952520568800000E-02  -2.255503664200000E-01
  -2.456132186500000E-01   5.191663980200000E-01  -5.176868917100000E-01   3.916670751000000E-02  -2.277692661700000E-01
  -2.464990988500000E-01   5.221828016700000E-01  -5.207391847000000E-01   3.880180253200000E-02  -2.299391067600000E-01
  -2.473591884700000E-01   5.251729076600000E-01  -5.237648930300000E-01   3.843071394500000E-02  -2.320592033600000E-01
  -2.481933915500000E-01   5.281361216600000E-01  -5.267634016100000E-01   3.805366903600000E-02  -2.341289248700000E-01
  -2.490016468400000E-01   5.310719013100000E-01  -5.297341482200000E-01   3.767089821600000E-02  -2.361476943100000E-01
  -2.497839271000000E-01   5.339797569400000E-01  -5.326766242300000E-01   3.728263426300000E-02  -2.381149883300000E-01
  -2.505402377100000E-01   5.368592517700001E-01  -5.355903749000001E-01   3.688911113900000E-02  -2.400303350000000E-01
  -2.512706155200000E-01   5.397100018300000E-01  -5.384749993100000E-01   3.649056313300000E-02  -2.418933120400000E-01
  -2.519751276700000E-01   5.425316759900000E-01  -5.413301503800000E-01   3.608722410700000E-02  -2.437035452500000E-01
  -2.526538696700000E-01   5.453239944400000E-01  -5.441555334400000E-01   3.567932655000000E-02  -2.454607048400000E-01
  -2.533069640500000E-01   5.480867283700001E-01  -5.469509058500000E-01   3.526710085400000E-02  -2.471645033700000E-01
  -2.539345584600000E-01   5.508196980400000E-01  -5.497160751300000E-01   3.485077467000000E-02  -2.488146920700000E-01
  -2.545368241000000E-01   5.535227714300000E-01  -5.524508975300000E-01   3.443057235700000E-02  -2.504110579500000E-01
  -2.551139534700000E-01   5.561958619500000E-01  -5.551552758000000E-01   3.400671420300000E-02  -2.519534191900000E-01
  -2.556661589000000E-01   5.588389269200000E-01  -5.578291575900000E-01   3.357941610300000E-02  -2.534416223100000E-01
  -2.561936704100000E-01   5.614519644700000E-01  -5.604725323800001E-01   3.314888913600000E-02  -2.548755374600000E-01
  -2.566967342300000E-01   5.640350122300000E-01  -5.630854301100000E-01   3.271533920200000E-02  -2.562550554600000E-01
  -2.571756105600000E-01   5.665881439200000E-01  -5.656679177300000E-01   3.227896662300000E-02  -2.575800824500000E-01
  -2.576305722900000E-01   5.691114674200000E-01  -5.682200972400000E-01   3.183996613200000E-02  -2.588505371200000E-01
  -2.580619030300000E-01   5.716051220600000E-01  -5.707421029700001E-01   3.139852650300000E-02  -2.600663458600000E-01
  -2.584698954500000E-01   5.740692755200000E-01  -5.732340983900000E-01   3.095483054300000E-02  -2.612274384800000E-01
  -2.588548501800000E-01   5.765041222600000E-01  -5.756962745600001E-01   3.050905506700000E-02  -2.623337453500000E-01
  -2.592170739900000E-01   5.789098802600000E-01  -5.781288467600000E-01   3.006137081900000E-02  -2.633851924200000E-01
  -2.595568785300000E-01   5.812867886800001E-01  -5.805320521400000E-01   2.961194246500000E-02  -2.643816974100000E-01
  -2.598745794200000E-01   5.836351056400000E-01  -5.829061474800000E-01   2.916092891500000E-02  -2.653231668800000E-01
  -2.601309887000000E-01   5.856369920500000E-01  -5.849298421300000E-01   2.877092713800000E-02  -2.660906024000000E-01
  -2.604083776200000E-01   5.879328091200000E-01  -5.872504703100000E-01   2.831736498200000E-02  -2.669292798800000E-01
  -2.606645764600000E-01   5.902008557500000E-01  -5.895428087800000E-01   2.786264055900000E-02  -2.677125536500000E-01
  -2.608999054300000E-01   5.924414412300000E-01  -5.918071675900000E-01   2.740689120800000E-02  -2.684402495500000E-01
  -2.611146837800000E-01   5.946548825300000E-01  -5.940438648700001E-01   2.695024918000000E-02  -2.691121632600000E-01
  -2.613092292000000E-01   5.968415023600000E-01  -5.962532249500000E-01   2.649284194700000E-02  -2.697280571400000E-01
  -2.614838576500000E-01   5.990016283200000E-01  -5.984355774000000E-01   2.603479254400000E-02  -2.702876578700000E-01
  -2.616388822800000E-01   6.011355896300000E-01  -6.005912537700000E-01   2.557621969400000E-02  -2.707906510300000E-01
  -2.617746135200000E-01   6.032437162400000E-01  -6.027205866100001E-01   2.511723831600000E-02  -2.712366790900000E-01
  -2.618913586000000E-01   6.053263370600001E-01  -6.048239077300001E-01   2.465795972700000E-02  -2.716253373900000E-01
  -2.619894215200000E-01   6.073837780800000E-01  -6.069015462600000E-01   2.419849218600000E-02  -2.719561711700000E-01
  -2.620691026700000E-01   6.094163608300000E-01  -6.089538270900000E-01   2.373894106000000E-02  -2.722286713000000E-01
  -2.621306990500000E-01   6.114244008700001E-01  -6.109810693300000E-01   2.327940937800000E-02  -2.724422714000000E-01
  -2.621745043400000E-01   6.134082067500000E-01  -6.129835852600000E-01   2.281999818500000E-02  -2.725963446300000E-01
  -2.622008088100000E-01   6.153680773000000E-01  -6.149616775600000E-01   2.236080708000000E-02  -2.726901991700000E-01
  -2.622098998900000E-01   6.173043016500001E-01  -6.169156393700001E-01   2.190193454600000E-02  -2.727230757000000E-01
  -2.622099098000000E-01   6.173702650600000E-01  -6.169822023300000E-01   2.188620991000000E-02  -2.727231119100000E-01
  -2.622099085500000E-01   6.173931509900000E-01  -6.170052962100000E-01   2.188075281700000E-02  -2.727231073500000E-01
  -2.622012958300000E-01   6.193049330000000E-01  -6.189343134100001E-01   2.142231837400000E-02  -2.726912986500000E-01
  -2.621760494300000E-01   6.211936200300000E-01  -6.208397598200000E-01   2.096440285900000E-02  -2.725967296000000E-01
  -2.621344500900000E-01   6.230594602800000E-01  -6.227218879200001E-01   2.050710479700000E-02  -2.724384118900000E-01
  -2.620767769600000E-01   6.249026840700001E-01  -6.245809323500000E-01   2.005052373600000E-02  -2.722152728100000E-01
  -2.620033090000000E-01   6.267235041900000E-01  -6.264171102800000E-01   1.959476102500000E-02  -2.719261542400000E-01
  -2.619143255300000E-01   6.285221131500000E-01  -6.282306186200000E-01   1.913992040600000E-02  -2.715698078400000E-01
  -2.618101070700000E-01   6.302986811500000E-01  -6.300216320000001E-01   1.868610877700000E-02  -2.711448914900000E-01
  -2.616909366200000E-01   6.320533552700000E-01  -6.317903019900000E-01   1.823343681400000E-02  -2.706499666300000E-01
  -2.615571007500000E-01   6.337862566000000E-01  -6.335367541200000E-01   1.778201991700000E-02  -2.700834948900000E-01
  -2.614088909900000E-01   6.354974786199999E-01  -6.352610863600000E-01   1.733197898100000E-02  -2.694438356000000E-01
  -2.612466052800000E-01   6.371870846000000E-01  -6.369633664500000E-01   1.688344136300000E-02  -2.687292433700000E-01
  -2.610705495500000E-01   6.388551055000000E-01  -6.386436298200000E-01   1.643654176100000E-02  -2.679378663600000E-01
  -2.608810397400000E-01   6.405015371700000E-01  -6.403018768500000E-01   1.599142338200000E-02  -2.670677458400000E-01
  -2.606784036800000E-01   6.421263384600000E-01  -6.419380708500000E-01   1.554823890000000E-02  -2.661168163700000E-01
  -2.604629833700000E-01   6.437294276700000E-01  -6.435521346500001E-01   1.510715172700000E-02  -2.650829071600000E-01
  -2.602351372300000E-01   6.453106799900000E-01  -6.451439479600000E-01   1.466833710800000E-02  -2.639637447400000E-01
  -2.599952429100000E-01   6.468699251800000E-01  -6.467133451100000E-01   1.423198343500000E-02  -2.627569588300000E-01
  -2.597436999100000E-01   6.484069435900000E-01  -6.482601110600000E-01   1.379829355100000E-02  -2.614600886800000E-01
  -2.594809326200000E-01   6.499214645700000E-01  -6.497839798200000E-01   1.336748592600000E-02  -2.600705936600000E-01
  -2.592073932700000E-01   6.514131624600000E-01  -6.512846304800000E-01   1.293979600800000E-02  -2.585858655400000E-01
  -2.589235653500000E-01   6.528816552400000E-01  -6.527616858900001E-01   1.251547740500000E-02  -2.570032464200000E-01
  -2.586299667100000E-01   6.543265018900000E-01  -6.542147100300000E-01   1.209480297400000E-02  -2.553200490300000E-01
  -2.583271527800000E-01   6.557472007600000E-01  -6.556432063900000E-01   1.167806575500000E-02  -2.535335823400000E-01
  -2.580157197400000E-01   6.571431894200001E-01  -6.570466179100000E-01   1.126557966200000E-02  -2.516411829800000E-01
  -2.576963071900000E-01   6.585138437800000E-01  -6.584243261300000E-01   1.085767986000000E-02  -2.496402504400000E-01
  -2.573696007600000E-01   6.598584813300000E-01  -6.597756544100000E-01   1.045472269800000E-02  -2.475282905700000E-01
  -2.570363336700000E-01   6.611763627200000E-01  -6.610998696600000E-01   1.005708512000000E-02  -2.453029614900000E-01
  -2.566972877000000E-01   6.624666968900000E-01  -6.623961874200000E-01   9.665163436900000E-03  -2.429621264100000E-01
  -2.563532932000000E-01   6.637286491700000E-01  -6.636637800800000E-01   9.279371344300000E-03  -2.405039116600000E-01
  -2.560052274900000E-01   6.649613496800000E-01  -6.649017853300000E-01   8.900137056700000E-03  -2.379267656100000E-01
  -2.556540120000000E-01   6.661639062300000E-01  -6.661093190300000E-01   8.527899526800000E-03  -2.352295208800000E-01
  -2.553006074300000E-01   6.673354175000000E-01  -6.672854885200000E-01   8.163103740000000E-03  -2.324114540100000E-01
  -2.549460072500000E-01   6.684749915800000E-01  -6.684294111500000E-01   7.806194915300000E-03  -2.294723427200000E-01
  -2.545912292000000E-01   6.695817642600001E-01  -6.695402325900000E-01   7.457611994900000E-03  -2.264125157900000E-01
  -2.542373049000000E-01   6.706549202400000E-01  -6.706171480400001E-01   7.117780271300000E-03  -2.232328925000000E-01
  -2.538852678300000E-01   6.716937145400000E-01  -6.716594236500000E-01   6.787103589600000E-03  -2.199350088300000E-01
  -2.535361401600000E-01   6.726974943200000E-01  -6.726664182700000E-01   6.465956388100000E-03  -2.165210283300000E-01
  -2.531909185200000E-01   6.736657197800000E-01  -6.736376043300000E-01   6.154675818900000E-03  -2.129937339100000E-01
  -2.528505598300000E-01   6.745979822200000E-01  -6.745725858000000E-01   5.853554563500000E-03  -2.093565017800000E-01
  -2.525159674000000E-01   6.754940202000000E-01  -6.754711142600000E-01   5.562834478500000E-03  -2.056132564600000E-01
  -2.521879782600000E-01   6.763537300200000E-01  -6.763330992700000E-01   5.282701669200000E-03  -2.017684093400000E-01
  -2.518673521100000E-01   6.771771732100000E-01  -6.771586157600000E-01   5.013282978000000E-03  -1.978267827500000E-01
  -2.515547626300000E-01   6.779645778600000E-01  -6.779479052200000E-01   4.754644331200000E-03  -1.937935249300000E-01
  -2.512507912500000E-01   6.787163350900000E-01  -6.787013720000000E-01   4.506790772300000E-03  -1.896740181300000E-01
  -2.509559236900000E-01   6.794329917500001E-01  -6.794195759700000E-01   4.269668194900000E-03  -1.854737864900000E-01
  -2.506705492100000E-01   6.801152384300000E-01  -6.801032203700000E-01   4.043166602000000E-03  -1.811984066400000E-01
  -2.503949623100000E-01   6.807638944500000E-01  -6.807531366800000E-01   3.827124588800000E-03  -1.768534243600000E-01
  -2.501293666700000E-01   6.813798903200000E-01  -6.813702670800000E-01   3.621334799200000E-03  -1.724442812500000E-01
  -2.498738808800000E-01   6.819642500900000E-01  -6.819556466600000E-01   3.425549954300000E-03  -1.679762524900000E-01
  -2.496285454100000E-01   6.825180717000000E-01  -6.825103837400000E-01   3.239489230900000E-03  -1.634543962500000E-01
  -2.493933305700000E-01   6.830425094300000E-01  -6.830356423200000E-01   3.062844623500000E-03  -1.588835157900000E-01
  -2.491681448500000E-01   6.835387556700000E-01  -6.835326238100000E-01   2.895287126200000E-03  -1.542681321800000E-01
  -2.489528434300000E-01   6.840080251700000E-01  -6.840025513200000E-01   2.736472520200000E-03  -1.496124680800000E-01
  -2.487472364500000E-01   6.844515404100000E-01  -6.844466549900000E-01   2.586046658700000E-03  -1.449204402400000E-01
  -2.485510969200000E-01   6.848705203400000E-01  -6.848661608000000E-01   2.443650138400000E-03  -1.401956601200000E-01
  -2.483641680200000E-01   6.852661683600000E-01  -6.852622785300000E-01   2.308922398300000E-03  -1.354414390800000E-01
  -2.481861697700000E-01   6.856396643900000E-01  -6.856361939300000E-01   2.181505172000000E-03  -1.306607997300000E-01
  -2.480168049500000E-01   6.859921583100000E-01  -6.859890621200000E-01   2.061045342900000E-03  -1.258564896600000E-01
  -2.478557643300000E-01   6.863247636400000E-01  -6.863220014000000E-01   1.947197286300000E-03  -1.210309975800000E-01
  -2.477027311700000E-01   6.866385543200000E-01  -6.866360899800000E-01   1.839624676100000E-03  -1.161865708400000E-01
  -2.475573850500000E-01   6.869345614900000E-01  -6.869323628400000E-01   1.738001883300000E-03  -1.113252335700000E-01
  -2.474194051200000E-01   6.872137723500000E-01  -6.872118106500000E-01   1.642014970000000E-03  -1.064488047000000E-01
  -2.472884727500000E-01   6.874771283000000E-01  -6.874753779000000E-01   1.551362393800000E-03  -1.015589156400000E-01
  -2.471642737100000E-01   6.877255259600000E-01  -6.877239639700000E-01   1.465755399300000E-03  -9.665702727100001E-02
  -2.470464999300000E-01   6.879598164300000E-01  -6.879584224600001E-01   1.384918230100000E-03  -9.174444593700000E-02
  -2.469348508200000E-01   6.881808064600000E-01  -6.881795623000000E-01   1.308588135500000E-03  -8.682233850899999E-02
  -2.468290343900000E-01   6.883892598700000E-01  -6.883881493300000E-01   1.236515234800000E-03  -8.189174636000000E-02
  -2.467287679500000E-01   6.885858989400000E-01  -6.885849075500000E-01   1.168462276400000E-03  -7.695359807000000E-02
  -2.466337786700000E-01   6.887714052400000E-01  -6.887705201400000E-01   1.104204317900000E-03  -7.200872112800000E-02
  -2.465438039700000E-01   6.889464220900000E-01  -6.889456317900000E-01   1.043528328700000E-03  -6.705785267800000E-02
  -2.464585916400000E-01   6.891115564000000E-01  -6.891108506700000E-01   9.862327539399999E-04  -6.210164912400000E-02
  -2.463778999800000E-01   6.892673790500000E-01  -6.892667487700001E-01   9.321270647300001E-04  -5.714069464500000E-02
  -2.463014977100000E-01   6.894144289400001E-01  -6.894138659900000E-01   8.810312550500000E-04  -5.217550932800000E-02
  -2.462291638400000E-01   6.895532122200000E-01  -6.895527093500000E-01   8.327753766600000E-04  -4.720655584000000E-02
  -2.461606875200000E-01   6.896842063100001E-01  -6.896837570600000E-01   7.871990292300000E-04  -4.223424598500000E-02
  -2.460958678000000E-01   6.898078598600000E-01  -6.898074584800000E-01   7.441508918000000E-04  -3.725894614100000E-02
  -2.460345132900000E-01   6.899245953900000E-01  -6.899242367400000E-01   7.034882410500000E-04  -3.228098237100000E-02
  -2.459764419400000E-01   6.900348102700000E-01  -6.900344897600000E-01   6.650764951800000E-04  -2.730064477700000E-02
  -2.459214806500000E-01   6.901388784200000E-01  -6.901385919800001E-01   6.287887686400000E-04  -2.231819160200000E-02
  -2.458694649600000E-01   6.902371515200000E-01  -6.902368954900000E-01   5.945054459400000E-04  -1.733385266600000E-02
  -2.458202387200000E-01   6.903299606400000E-01  -6.903297317900000E-01   5.621137709400000E-04  -1.234783256900000E-02
  -2.457736537200000E-01   6.904176172400000E-01  -6.904174126500000E-01   5.315074588900000E-04  -7.360313455800000E-03
  -2.457295693400000E-01   6.905004143400000E-01  -6.905002314300001E-01   5.025863254800000E-04  -2.371457528200000E-03
  -2.456878522400000E-01   6.905786280300000E-01  -6.905784645000000E-01   4.752559329000000E-04   2.618590746100000E-03
  -2.456483760000000E-01   6.906525178000000E-01  -6.906523715700000E-01   4.494272605700000E-04   7.609702682400000E-03
  -2.456110208100000E-01   6.907223278800000E-01  -6.907221971200001E-01   4.250163872300000E-04   1.260176366700000E-02
  -2.455756731400000E-01   6.907882889000000E-01  -6.907881719600000E-01   4.019441908600000E-04   1.759467150600000E-02
  -2.455422254300000E-01   6.908506171000000E-01  -6.908505125200000E-01   3.801360747200000E-04   2.258833517700000E-02
  -2.455105758200000E-01   6.909095169600000E-01  -6.909094234200000E-01   3.595216951000000E-04   2.758267351900000E-02
  -2.454806278400000E-01   6.909651807000000E-01  -6.909650970300000E-01   3.400347173500000E-04   3.257761415700000E-02
  -2.454522901300000E-01   6.910177893700000E-01  -6.910177145300001E-01   3.216125794100000E-04   3.757309258700000E-02
  -2.454254762200000E-01   6.910675137000000E-01  -6.910674467500000E-01   3.041962706500000E-04   4.256905125600000E-02
  -2.454001042300000E-01   6.911145148000000E-01  -6.911144549100000E-01   2.877301239300000E-04   4.756543882100000E-02
  -2.453760966700000E-01   6.911589441300000E-01  -6.911588905500000E-01   2.721616223300000E-04   5.256220948600000E-02
  -2.453533801700000E-01   6.912009447200000E-01  -6.912008967700000E-01   2.574412134200000E-04   5.755932239300000E-02
  -2.453318853200000E-01   6.912406512400000E-01  -6.912406083500000E-01   2.435221380600000E-04   6.255674106400000E-02
  -2.453115464000000E-01   6.912781908700000E-01  -6.912781524900000E-01   2.303602671100000E-04   6.755443294800000E-02
  -2.452923012500000E-01   6.913136837300000E-01  -6.913136493900000E-01   2.179139490600000E-04   7.255236897400000E-02
  -2.452740910200000E-01   6.913472427500000E-01  -6.913472120200001E-01   2.061438681400000E-04   7.755052318800000E-02
  -2.452568600300000E-01   6.913789745900000E-01  -6.913789470800000E-01   1.950129081800000E-04   8.254887243600000E-02
  -2.452405556000000E-01   6.914089799100001E-01  -6.914089553000000E-01   1.844860262000000E-04   8.754739601200000E-02
  -2.452251278600000E-01   6.914373540200000E-01  -6.914373320000000E-01   1.745301329300000E-04   9.254607543100001E-02
  -2.452105296600000E-01   6.914641864100000E-01  -6.914641666900000E-01   1.651139822200000E-04   9.754489417999999E-02
  -2.451967163500000E-01   6.914895616600000E-01  -6.914895440100000E-01   1.562080645400000E-04   1.025438375000000E-01
  -2.451836457000000E-01   6.915135597500000E-01  -6.915135439600000E-01   1.477845079200000E-04   1.075428922300000E-01
  -2.451712777500000E-01   6.915362562400000E-01  -6.915362421000000E-01   1.398169850600000E-04   1.125420465600000E-01
  -2.451595747000000E-01   6.915577221600000E-01  -6.915577095000000E-01   1.322806259700000E-04   1.175412899900000E-01
  -2.451485007700000E-01   6.915780250700000E-01  -6.915780137500001E-01   1.251519343300000E-04   1.225406130900000E-01
  -2.451380221200000E-01   6.915972283100000E-01  -6.915972181700000E-01   1.184087112600000E-04   1.275400074500000E-01
  -2.451281067200000E-01   6.916153920600000E-01  -6.916153829800000E-01   1.120299808700000E-04   1.325394655700000E-01
  -2.451187242700000E-01   6.916325727700000E-01  -6.916325646500000E-01   1.059959225000000E-04   1.375389807000000E-01
  -2.451098461200000E-01   6.916488243400000E-01  -6.916488170700000E-01   1.002878046200000E-04   1.425385468500000E-01
  -2.451014451200000E-01   6.916641969300000E-01  -6.916641904200001E-01   9.488792529500001E-05   1.475381586400000E-01
  -2.450934956200000E-01   6.916787388200000E-01  -6.916787330000001E-01   8.977955275300000E-05   1.525378112500000E-01
  -2.450859733300000E-01   6.916924950000000E-01  -6.916924897800000E-01   8.494687290000000E-05   1.575375004000000E-01
  -2.450788552800000E-01   6.917055081700000E-01  -6.917055035000000E-01   8.037493717400000E-05   1.625372222300000E-01
  -2.450721197400000E-01   6.917178185700000E-01  -6.917178143900000E-01   7.604961480100000E-05   1.675369733100000E-01
  -2.450657461300000E-01   6.917294645900000E-01  -6.917294608400000E-01   7.195754683100000E-05   1.725367505700000E-01
  -2.450597150000000E-01   6.917404819600000E-01  -6.917404786100000E-01   6.808610417000000E-05   1.775365512500000E-01
  -2.450540079200000E-01   6.917509050700000E-01  -6.917509020700000E-01   6.442334617800001E-05   1.825363728800000E-01
  -2.450486074800000E-01   6.917607660000000E-01  -6.917607633100000E-01   6.095798342500000E-05   1.875362132800000E-01
  -2.450434972000000E-01   6.917700949700000E-01  -6.917700925700000E-01   5.767934142200000E-05   1.925360704600000E-01
  -2.450386614700000E-01   6.917789211900000E-01  -6.917789190400000E-01   5.457732627000000E-05   1.975359426600000E-01
  -2.450340855300000E-01   6.917872716200000E-01  -6.917872697000000E-01   5.164239350200000E-05   2.025358283200000E-01
  -2.450297554300000E-01   6.917951720900000E-01  -6.917951703600000E-01   4.886551722200000E-05   2.075357260000000E-01
  -2.450256579500000E-01   6.918026467700000E-01  -6.918026452300000E-01   4.623816195900000E-05   2.125356344700000E-01
  -2.450217805800000E-01   6.918097188900000E-01  -6.918097175100000E-01   4.375225543700000E-05   2.175355525700000E-01
  -2.450181115000000E-01   6.918164101100000E-01  -6.918164088700000E-01   4.140016351200000E-05   2.225354793000000E-01
  -2.450146395200000E-01   6.918227410600000E-01  -6.918227399500000E-01   3.917466595800000E-05   2.275354137700000E-01
  -2.450113540300000E-01   6.918287309300000E-01  -6.918287299300000E-01   3.706893401700000E-05   2.325353551400000E-01
  -2.450082450300000E-01   6.918343986900000E-01  -6.918343978000000E-01   3.507650854100000E-05   2.375353027100000E-01
  -2.450053030200000E-01   6.918397610500000E-01  -6.918397602500001E-01   3.319128063900000E-05   2.425352558200000E-01
  -2.450025190400000E-01   6.918448350500001E-01  -6.918448343400000E-01   3.140747156900000E-05   2.475352138900000E-01
  -2.449998845800000E-01   6.918496357000000E-01  -6.918496350600000E-01   2.971961565500000E-05   2.525351764100000E-01
  -2.449973916300000E-01   6.918541782300000E-01  -6.918541776500000E-01   2.812254244100000E-05   2.575351429000000E-01
  -2.449950325700000E-01   6.918584764100000E-01  -6.918584759000001E-01   2.661136121600000E-05   2.625351129500000E-01
  -2.449928002200000E-01   6.918625432200000E-01  -6.918625427600000E-01   2.518144557200000E-05   2.675350861800000E-01
  -2.449906877600000E-01   6.918663915500000E-01  -6.918663911400000E-01   2.382841886300000E-05   2.725350622700000E-01
  -2.449886887500000E-01   6.918700326500000E-01  -6.918700322800000E-01   2.254814106400000E-05   2.775350409200000E-01
  -2.449867971100000E-01   6.918734780200000E-01  -6.918734776900000E-01   2.133669543700000E-05   2.825350218500000E-01
  -2.449850070500000E-01   6.918767380800001E-01  -6.918767377900000E-01   2.019037676200000E-05   2.875350048300000E-01
  -2.449833131300000E-01   6.918798229200001E-01  -6.918798226500000E-01   1.910567970000000E-05   2.925349896400000E-01
  -2.449817101900000E-01   6.918827419300000E-01  -6.918827417000000E-01   1.807928803500000E-05   2.975349760900000E-01
  -2.449801933200000E-01   6.918855038700000E-01  -6.918855036600000E-01   1.710806442700000E-05   3.025349640100000E-01
  -2.449787579200000E-01   6.918881173900000E-01  -6.918881172000000E-01   1.618904062000000E-05   3.075349532500000E-01
  -2.449773996000000E-01   6.918905905000000E-01  -6.918905903300000E-01   1.531940840700000E-05   3.125349436600000E-01
  -2.449761142300000E-01   6.918929304800000E-01  -6.918929303300000E-01   1.449651098100000E-05   3.175349351300000E-01
  -2.449748978900000E-01   6.918951448900000E-01  -6.918951447600000E-01   1.371783457900000E-05   3.225349275500000E-01
  -2.449737468600000E-01   6.918972401500000E-01  -6.918972400300000E-01   1.298100099200000E-05   3.275349208100000E-01
  -2.449726576400000E-01   6.918992227700000E-01  -6.918992226600000E-01   1.228376003400000E-05   3.325349148300000E-01
  -2.449716269200000E-01   6.919010991000000E-01  -6.919010990100000E-01   1.162398268900000E-05   3.375349095200000E-01
  -2.449706515400000E-01   6.919028743700000E-01  -6.919028742800000E-01   1.099965468300000E-05   3.425349048200000E-01
  -2.449697285400000E-01   6.919045544200000E-01  -6.919045543500000E-01   1.040887007000000E-05   3.475349006700000E-01
  -2.449688551100000E-01   6.919061440300000E-01  -6.919061439600001E-01   9.849825600899999E-06   3.525348970000000E-01
  -2.449680285800000E-01   6.919076483400000E-01  -6.919076482800000E-01   9.320815002800000E-06   3.575348937700000E-01
  -2.449672464300000E-01   6.919090717100001E-01  -6.919090716500000E-01   8.820223891900000E-06   3.625348909300000E-01
  -2.449665062800000E-01   6.919104187900000E-01  -6.919104187400000E-01   8.346524697600001E-06   3.675348884400000E-01
  -2.449658058800000E-01   6.919116932800000E-01  -6.919116932400000E-01   7.898272104500000E-06   3.725348862600000E-01
  -2.449651430800000E-01   6.919128993900000E-01  -6.919128993500000E-01   7.474098489100000E-06   3.775348843600000E-01
  -2.449645158800000E-01   6.919140407900000E-01  -6.919140407600000E-01   7.072709822700000E-06   3.825348827100000E-01
  -2.449639223600000E-01   6.919151207100001E-01  -6.919151206800001E-01   6.692881697500000E-06   3.875348812900000E-01
  -2.449633607000000E-01   6.919161428500000E-01  -6.919161428200000E-01   6.333455505900000E-06   3.925348800600000E-01
  -2.449628292100000E-01   6.919171098600000E-01  -6.919171098300000E-01   5.993335010700000E-06   3.975348790200000E-01
  -2.449623262500000E-01   6.919180251400000E-01  -6.919180251200000E-01   5.671482858700000E-06   4.025348781400000E-01
  -2.449618503000000E-01   6.919188910500000E-01  -6.919188910300000E-01   5.366917530800000E-06   4.075348774100000E-01
  -2.449613999100000E-01   6.919197104900000E-01  -6.919197104800000E-01   5.078710235100000E-06   4.125348768000000E-01
  -2.449609737000000E-01   6.919204859500000E-01  -6.919204859400000E-01   4.805982129200000E-06   4.175348763100000E-01
  -2.449605703700000E-01   6.919212197400000E-01  -6.919212197200000E-01   4.547901616400000E-06   4.225348759300000E-01
  -2.449601887100000E-01   6.919219142100000E-01  -6.919219142000000E-01   4.303681791100000E-06   4.275348756300000E-01
  -2.449598275400000E-01   6.919225712900000E-01  -6.919225712800000E-01   4.072578060600000E-06   4.325348754200000E-01
  -2.449594857600000E-01   6.919231930900001E-01  -6.919231930800001E-01   3.853885836100000E-06   4.375348752900000E-01
  -2.449591623300000E-01   6.919237815900000E-01  -6.919237815800000E-01   3.646938399000000E-06   4.425348752200000E-01
  -2.449588562700000E-01   6.919243383800000E-01  -6.919243383700000E-01   3.451104871800000E-06   4.475348752100000E-01
  -2.449585666400000E-01   6.919248653500000E-01  -6.919248653400000E-01   3.265788264500000E-06   4.525348752500000E-01
  -2.449582925600000E-01   6.919253638300000E-01  -6.919253638300000E-01   3.090423683300000E-06   4.575348753400000E-01
  -2.449580332000000E-01   6.919258357800000E-01  -6.919258357800000E-01   2.924476564800000E-06   4.625348754800000E-01
  -2.449577877700000E-01   6.919262823300000E-01  -6.919262823300000E-01   2.767441093000000E-06   4.675348756500000E-01
  -2.449575555100000E-01   6.919267048400000E-01  -6.919267048400000E-01   2.618838618900000E-06   4.725348758600000E-01
  -2.449573357300000E-01   6.919271045800000E-01  -6.919271045800000E-01   2.478216210700000E-06   4.775348760900000E-01
  -2.449571277500000E-01   6.919274830100000E-01  -6.919274830000000E-01   2.345145263500000E-06   4.825348763600000E-01
  -2.449569309300000E-01   6.919278409000000E-01  -6.919278409000000E-01   2.219220215300000E-06   4.875348766500000E-01
  -2.449567446800000E-01   6.919281797700000E-01  -6.919281797700000E-01   2.100057271600000E-06   4.925348769600000E-01
  -2.449565684300000E-01   6.919285005000000E-01  -6.919285004900000E-01   1.987293269900000E-06   4.975348772900000E-01
  -2.449564016500000E-01   6.919288039300000E-01  -6.919288039300000E-01   1.880584555000000E-06   5.025348776400000E-01
  -2.449562438200000E-01   6.919290908300000E-01  -6.919290908300000E-01   1.779605932600000E-06   5.075348780000000E-01
  -2.449560944600000E-01   6.919293626100000E-01  -6.919293626100000E-01   1.684049663000000E-06   5.125348783800000E-01
  -2.449559531300000E-01   6.919296197100000E-01  -6.919296197100000E-01   1.593624555000000E-06   5.175348787700000E-01
  -2.449558193800000E-01   6.919298630400000E-01  -6.919298630400000E-01   1.508055047900000E-06   5.225348791800000E-01
  -2.449556928200000E-01   6.919300933100000E-01  -6.919300933100000E-01   1.427080386000000E-06   5.275348795900000E-01
  -2.449555730500000E-01   6.919303110600000E-01  -6.919303110600000E-01   1.350453819900000E-06   5.325348800100000E-01
  -2.449554597100000E-01   6.919305173300000E-01  -6.919305173300000E-01   1.277941846300000E-06   5.375348804400000E-01
  -2.449553524600000E-01   6.919307124500000E-01  -6.919307124500000E-01   1.209323512500000E-06   5.425348808800000E-01
  -2.449552509600000E-01   6.919308969200000E-01  -6.919308969200000E-01   1.144389729900000E-06   5.475348813200001E-01
  -2.449551549200000E-01   6.919310717000000E-01  -6.919310717000000E-01   1.082942633500000E-06   5.525348817700000E-01
  -2.449550640300000E-01   6.919312371200000E-01  -6.919312371200000E-01   1.024794992500000E-06   5.575348822300000E-01
  -2.449549780200000E-01   6.919313934000000E-01  -6.919313934000000E-01   9.697696320199999E-07   5.625348826900000E-01
  -2.449548966300000E-01   6.919315414700000E-01  -6.919315414700000E-01   9.176988846700000E-07   5.675348831500000E-01
  -2.449548196100000E-01   6.919316815500000E-01  -6.919316815500000E-01   8.684240947300000E-07   5.725348836200001E-01
  -2.449547467300000E-01   6.919318141300000E-01  -6.919318141300000E-01   8.217951240500000E-07   5.775348840900000E-01
  -2.449546777600000E-01   6.919319396500000E-01  -6.919319396500000E-01   7.776698975800000E-07   5.825348845600000E-01
  -2.449546124900000E-01   6.919320584000001E-01  -6.919320584000001E-01   7.359139713200000E-07   5.875348850400000E-01
  -2.449545507300000E-01   6.919321707700000E-01  -6.919321707700000E-01   6.964001200600000E-07   5.925348855200000E-01
  -2.449544922800000E-01   6.919322770600000E-01  -6.919322770600000E-01   6.590079515300000E-07   5.975348860000000E-01
  -2.449544369700000E-01   6.919323776600000E-01  -6.919323776600000E-01   6.236235378200000E-07   6.025348864900000E-01
  -2.449543846300000E-01   6.919324727700000E-01  -6.919324727700000E-01   5.901390701400000E-07   6.075348869700000E-01
  -2.449543351000000E-01   6.919325628600000E-01  -6.919325628600000E-01   5.584525272200000E-07   6.125348874600000E-01
  -2.449542882300000E-01   6.919326482200000E-01  -6.919326482200000E-01   5.284673676600000E-07   6.175348879400000E-01
  -2.449542438800000E-01   6.919327288900000E-01  -6.919327288900000E-01   5.000922353300000E-07   6.225348884300000E-01
  -2.449542019100000E-01   6.919328051900000E-01  -6.919328051900000E-01   4.732406783000000E-07   6.275348889200000E-01
  -2.449541621900000E-01   6.919328774800000E-01  -6.919328774800000E-01   4.478308867100000E-07   6.325348894200000E-01
  -2.449541246000000E-01   6.919329458100000E-01  -6.919329458100000E-01   4.237854452800000E-07   6.375348899100000E-01
  -2.449540890400000E-01   6.919330105000000E-01  -6.919330105000000E-01   4.010310943900000E-07   6.425348904000000E-01
  -2.449540553800000E-01   6.919330717200000E-01  -6.919330717200000E-01   3.794985090400000E-07   6.475348909000001E-01
  -2.449540235300000E-01   6.919331296800000E-01  -6.919331296800000E-01   3.591220865800000E-07   6.525348913900000E-01
  -2.449539933900000E-01   6.919331844700000E-01  -6.919331844700000E-01   3.398397472600000E-07   6.575348918800000E-01
  -2.449539648700000E-01   6.919332363700000E-01  -6.919332363700000E-01   3.215927444600000E-07   6.625348923800000E-01
  -2.449539378800000E-01   6.919332855400000E-01  -6.919332855400000E-01   3.043254861300000E-07   6.675348928800000E-01
  -2.449539123300000E-01   6.919333319000000E-01  -6.919333319000000E-01   2.879853662500000E-07   6.725348933700001E-01
  -2.449538881600000E-01   6.919333759300000E-01  -6.919333759300000E-01   2.725226016400000E-07   6.775348938700000E-01
  -2.449538652900000E-01   6.919334174600000E-01  -6.919334174600000E-01   2.578900843500000E-07   6.825348943700000E-01
  -2.449538436500000E-01   6.919334568600000E-01  -6.919334568500000E-01   2.440432343300000E-07   6.875348948600000E-01
  -2.449538231700000E-01   6.919334941200001E-01  -6.919334941200001E-01   2.309398661500000E-07   6.925348953600000E-01
  -2.449538037800000E-01   6.919335293900000E-01  -6.919335293900000E-01   2.185400593800000E-07   6.975348958600000E-01
  -2.449537854400000E-01   6.919335626499999E-01  -6.919335626499999E-01   2.068060373300000E-07   7.025348963600000E-01
  -2.449537680800000E-01   6.919335942500000E-01  -6.919335942500000E-01   1.957020509800000E-07   7.075348968600000E-01
  -2.449537516600000E-01   6.919336241400000E-01  -6.919336241400000E-01   1.851942715900000E-07   7.125348973500000E-01
  -2.449537361200000E-01   6.919336523800000E-01  -6.919336523800000E-01   1.752506868200000E-07   7.175348978500000E-01
  -2.449537214100000E-01   6.919336792200000E-01  -6.919336792200000E-01   1.658410026600000E-07   7.225348983500000E-01
  -2.449537074900000E-01   6.919337044400000E-01  -6.919337044400000E-01   1.569365526400000E-07   7.275348988500000E-01
  -2.449536943200000E-01   6.919337284500000E-01  -6.919337284500000E-01   1.485102084300000E-07   7.325348993500001E-01
  -2.449536818500000E-01   6.919337511500000E-01  -6.919337511500000E-01   1.405362991900000E-07   7.375348998500000E-01
  -2.449536700600000E-01   6.919337726900000E-01  -6.919337726900000E-01   1.329905320700000E-07   7.425349003500000E-01
  -2.449536589000000E-01   6.919337929800000E-01  -6.919337929800000E-01   1.258499189500000E-07   7.475349008500000E-01
  -2.449536483300000E-01   6.919338121300001E-01  -6.919338121300001E-01   1.190927055800000E-07   7.525349013500000E-01
  -2.449536383400000E-01   6.919338303000000E-01  -6.919338303000000E-01   1.126983060300000E-07   7.575349018500001E-01
  -2.449536288800000E-01   6.919338475900000E-01  -6.919338475900000E-01   1.066472395100000E-07   7.625349023500000E-01
  -2.449536199300000E-01   6.919338637100000E-01  -6.919338637100000E-01   1.009210718600000E-07   7.675349028500000E-01
  -2.449536114600000E-01   6.919338792100001E-01  -6.919338792100001E-01   9.550235767500000E-08   7.725349033500000E-01
  -2.449536034400000E-01   6.919338938400000E-01  -6.919338938400000E-01   9.037458913300001E-08   7.775349038500000E-01
  -2.449535958600000E-01   6.919339075700000E-01  -6.919339075700000E-01   8.552214459600000E-08   7.825349043500000E-01
  -2.449535886800000E-01   6.919339206600000E-01  -6.919339206600000E-01   8.093024086500001E-08   7.875349048400000E-01
  -2.449535818900000E-01   6.919339329400001E-01  -6.919339329400001E-01   7.658488888400000E-08   7.925349053400000E-01
  -2.449535754600000E-01   6.919339447600000E-01  -6.919339447600000E-01   7.247285032500001E-08   7.975349058400000E-01
  -2.449535693800000E-01   6.919339556900001E-01  -6.919339556900001E-01   6.858159829000000E-08   8.025349063400000E-01
  -2.449535636200000E-01   6.919339661900000E-01  -6.919339661900000E-01   6.489927781400000E-08   8.075349068400000E-01
  -2.449535581800000E-01   6.919339761200000E-01  -6.919339761200000E-01   6.141467084499999E-08   8.125349073400000E-01
  -2.449535530200000E-01   6.919339855100000E-01  -6.919339855100000E-01   5.811716165600000E-08   8.175349078400001E-01
  -2.449535481400000E-01   6.919339943100000E-01  -6.919339943100000E-01   5.499670438600000E-08   8.225349083400000E-01
  -2.449535435300000E-01   6.919340028000000E-01  -6.919340028000000E-01   5.204379250300000E-08   8.275349088400000E-01
  -2.449535391600000E-01   6.919340108100001E-01  -6.919340108100001E-01   4.924943024300000E-08   8.325349093400000E-01
  -2.449535350300000E-01   6.919340183100000E-01  -6.919340183100000E-01   4.660510453400000E-08   8.375349098400000E-01
  -2.449535311200000E-01   6.919340252500000E-01  -6.919340252500000E-01   4.410275955300000E-08   8.425349103400001E-01
  -2.449535274100000E-01   6.919340320500000E-01  -6.919340320500000E-01   4.173477187400000E-08   8.475349108400000E-01
  -2.449535239100000E-01   6.919340383900000E-01  -6.919340383900000E-01   3.949392754400000E-08   8.525349113400000E-01
  -2.449535206000000E-01   6.919340444000000E-01  -6.919340444000000E-01   3.737339990600000E-08   8.575349118400000E-01
  -2.449535174600000E-01   6.919340501600000E-01  -6.919340501600000E-01   3.536672874800000E-08   8.625349123400000E-01
  -2.449535144900000E-01   6.919340555000000E-01  -6.919340555000000E-01   3.346780097000000E-08   8.675349128400000E-01
  -2.449535116800000E-01   6.919340606700000E-01  -6.919340606700000E-01   3.167083140400000E-08   8.725349133400000E-01
  -2.449535090200000E-01   6.919340655000000E-01  -6.919340655000000E-01   2.997034570400000E-08   8.775349138400000E-01
  -2.449535065100000E-01   6.919340701400000E-01  -6.919340701400000E-01   2.836116337000000E-08   8.825349143400000E-01
  -2.449535041300000E-01   6.919340743700000E-01  -6.919340743700000E-01   2.683838213600000E-08   8.875349148400000E-01
  -2.449535018800000E-01   6.919340785100000E-01  -6.919340785100000E-01   2.539736285100000E-08   8.925349153400000E-01
  -2.449534997500000E-01   6.919340824000000E-01  -6.919340824000000E-01   2.403371552600000E-08   8.975349158400000E-01
  -2.449534977300000E-01   6.919340860400000E-01  -6.919340860400000E-01   2.274328587400000E-08   9.025349163400001E-01
  -2.449534958200000E-01   6.919340895400000E-01  -6.919340895400000E-01   2.152214260100000E-08   9.075349168400000E-01
  -2.449534940100000E-01   6.919340928300000E-01  -6.919340928300000E-01   2.036656559300000E-08   9.125349173400000E-01
  -2.449534923000000E-01   6.919340959700000E-01  -6.919340959700000E-01   1.927303436700000E-08   9.175349178400000E-01
  -2.449534906900000E-01   6.919340988800000E-01  -6.919340988800000E-01   1.823821759300000E-08   9.225349183400000E-01
  -2.449534891600000E-01   6.919341017200000E-01  -6.919341017200000E-01   1.725896271800000E-08   9.275349188399999E-01
  -2.449534877100000E-01   6.919341043300000E-01  -6.919341043300000E-01   1.633228650800000E-08   9.325349193400000E-01
  -2.449534863400000E-01   6.919341067300000E-01  -6.919341067300000E-01   1.545536580100000E-08   9.375349198400000E-01
  -2.449534850400000E-01   6.919341091200000E-01  -6.919341091200000E-01   1.462552918000000E-08   9.425349203400000E-01
  -2.449534838100000E-01   6.919341113300001E-01  -6.919341113300001E-01   1.384024852900000E-08   9.475349208400000E-01
  -2.449534826500000E-01   6.919341134900000E-01  -6.919341134900000E-01   1.309713155400000E-08   9.525349213400000E-01
  -2.449534815500000E-01   6.919341154500001E-01  -6.919341154500001E-01   1.239391436600000E-08   9.575349218400000E-01
  -2.449534805100000E-01   6.919341174200000E-01  -6.919341174200000E-01   1.172845465000000E-08   9.625349223400000E-01
  -2.449534795300000E-01   6.919341191100000E-01  -6.919341191100000E-01   1.109872514100000E-08   9.675349228400000E-01
  -2.449534785900000E-01   6.919341208200001E-01  -6.919341208200001E-01   1.050280734300000E-08   9.725349233400000E-01
  -2.449534777100000E-01   6.919341224500000E-01  -6.919341224500000E-01   9.938885834700001E-09   9.775349238400000E-01
  -2.449534768800000E-01   6.919341240000000E-01  -6.919341240000000E-01   9.405242648000001E-09   9.825349243400000E-01
  -2.449534760900000E-01   6.919341254400000E-01  -6.919341254400000E-01   8.900252102200001E-09   9.875349248400001E-01
  -2.449534753400000E-01   6.919341268400000E-01  -6.919341268400000E-01   8.422375744799999E-09   9.925349253400000E-01

